form	lemma	id	pos	pers	num	tense	mood	voice	gend	case	degree
θεοὺς	θεός	1	n	-	p	-	-	-	m	a	-
μὲν	μέν	2	d	-	-	-	-	-	-	-	-
αἰτῶ	αἰτέω	3	v	1	s	p	i	a	-	-	-
τῶνδ'	ὅδε	4	p	-	p	-	-	-	m	g	-
ἀπαλλαγὴν	ἀπαλλαγή	5	n	-	s	-	-	-	f	a	-
πόνων	πόνος	6	n	-	p	-	-	-	m	g	-
φρουρᾶς	φρουρά	7	n	-	s	-	-	-	f	g	-
ἐτείας	ἔτειος	8	a	-	s	-	-	-	f	g	-
μῆκος	μῆκος	9	n	-	s	-	-	-	n	a	-
,	,	10	u	-	-	-	-	-	-	-	-
ἣν	ὅς	11	p	-	s	-	-	-	f	a	-
κοιμώμενος	κοιμάω	12	v	-	s	p	p	e	m	n	-
στέγαις	στέγη	13	n	-	p	-	-	-	f	d	-
Ἀτρειδῶν	Ἀτρείδης	14	n	-	p	-	-	-	m	g	-
ἄγκαθεν	ἄγκαθεν	15	d	-	-	-	-	-	-	-	-
,	,	16	u	-	-	-	-	-	-	-	-
κυνὸς	κύων	17	n	-	s	-	-	-	m	g	-
δίκην	δίκη	18	n	-	s	-	-	-	f	a	-
,	,	19	u	-	-	-	-	-	-	-	-
ἄστρων	ἄστρον	20	n	-	p	-	-	-	n	g	-
κάτοιδα	κάτοιδα	21	v	1	s	r	i	a	-	-	-
νυκτέρων	νύκτερος	22	a	-	p	-	-	-	n	g	-
ὁμήγυριν	ὁμήγυρις	23	n	-	s	-	-	-	f	a	-
,	,	24	u	-	-	-	-	-	-	-	-
καὶ	καί	25	c	-	-	-	-	-	-	-	-
τοὺς	ὁ	26	l	-	p	-	-	-	m	a	-
φέροντας	φέρω	27	v	-	p	p	p	a	m	a	-
χεῖμα	χεῖμα	28	n	-	s	-	-	-	n	a	-
καὶ	καί	29	c	-	-	-	-	-	-	-	-
θέρος	θέρος	30	n	-	s	-	-	-	n	a	-
βροτοῖς	βροτός	31	n	-	p	-	-	-	m	d	-
λαμπροὺς	λαμπρός	32	a	-	p	-	-	-	m	a	-
δυνάστας	δυνάστης	33	n	-	p	-	-	-	m	a	-
,	,	34	u	-	-	-	-	-	-	-	-
ἐμπρέποντας	ἐμπρέπω	35	v	-	p	p	p	a	m	a	-
αἰθέρι	αἰθήρ	36	n	-	s	-	-	-	m	d	-
[ἀστέρας	[ἀστέρας	37	n	-	p	-	-	-	m	a	-
,	,	38	u	-	-	-	-	-	-	-	-
ὅταν	ὅταν	39	c	-	-	-	-	-	-	-	-
φθίνωσιν	φθίω	40	v	3	p	p	s	a	-	-	-
,	,	41	u	-	-	-	-	-	-	-	-
ἀντολάς	ἀνατολή	42	n	-	p	-	-	-	f	a	-
τε	τε	43	c	-	-	-	-	-	-	-	-
τῶν]	ὁ	44	l	-	p	-	-	-	m	g	-
.	.	45	u	-	-	-	-	-	-	-	-

καὶ	καί	1	c	-	-	-	-	-	-	-	-
νῦν	νῦν	2	d	-	-	-	-	-	-	-	-
φυλάσσω	φυλάσσω	3	v	1	s	p	i	a	-	-	-
λαμπάδος	λαμπάς	4	n	-	s	-	-	-	f	g	-
τό	ὁ	5	l	-	s	-	-	-	n	a	-
σύμβολον	σύμβολον	6	n	-	s	-	-	-	n	a	-
,	,	7	u	-	-	-	-	-	-	-	-
αὐγὴν	αὐγή	8	n	-	s	-	-	-	f	a	-
πυρὸς	πῦρ	9	n	-	s	-	-	-	n	g	-
φέρουσαν	φέρω	10	v	-	s	p	p	a	f	a	-
ἐκ	ἐκ	11	r	-	-	-	-	-	-	-	-
Τροίας	Τροία	12	n	-	s	-	-	-	f	g	-
φάτιν	φάτις	13	n	-	s	-	-	-	f	a	-
ἁλώσιμόν	ἁλώσιμος	14	a	-	s	-	-	-	f	a	-
τε	τε	15	c	-	-	-	-	-	-	-	-
βάξιν	βάξις	16	n	-	s	-	-	-	f	a	-
·	·	17	u	-	-	-	-	-	-	-	-

ὧδε	ὧδε	1	d	-	-	-	-	-	-	-	-
γὰρ	γάρ	2	d	-	-	-	-	-	-	-	-
κρατεῖ	κρατέω	3	v	3	s	p	i	a	-	-	-
γυναικὸς	γυνή	4	n	-	s	-	-	-	f	g	-
ἀνδρόβουλον	ἀνδρόβουλος	5	a	-	s	-	-	-	n	n	-
ἐλπίζον	ἐλπίζω	6	v	-	s	p	p	a	n	n	-
κέαρ	κέαρ	7	n	-	s	-	-	-	n	n	-
.	.	8	u	-	-	-	-	-	-	-	-

εὖτ'	εὖτε	1	c	-	-	-	-	-	-	-	-
ἂν	ἄν	2	d	-	-	-	-	-	-	-	-
δὲ	δέ	3	d	-	-	-	-	-	-	-	-
νυκτίπλαγκτον	νυκτίπλαγκτος	4	a	-	s	-	-	-	f	a	-
ἔνδροσόν	ἔνδροσος	5	a	-	s	-	-	-	f	a	-
τ'	τε	6	c	-	-	-	-	-	-	-	-
ἔχω	ἔχω	7	v	1	s	p	s	a	-	-	-
εὐνὴν	εὐνή	8	n	-	s	-	-	-	f	a	-
ὀνείροις	ὄνειρος	9	n	-	p	-	-	-	m	d	-
οὐκ	οὐ	10	d	-	-	-	-	-	-	-	-
ἐπισκοπουμένην	ἐπισκοπέω	11	v	-	s	p	p	e	f	a	-
ἐμήν	ἐμός	12	p	-	s	-	-	-	f	a	-
·	·	13	u	-	-	-	-	-	-	-	-

φόβος	φόβος	1	n	-	s	-	-	-	m	n	-
γὰρ	γάρ	2	d	-	-	-	-	-	-	-	-
ἀνθ'	ἀντί	3	r	-	-	-	-	-	-	-	-
ὕπνου	ὕπνος	4	n	-	s	-	-	-	m	g	-
παραστατεῖ	παραστατέω	5	v	3	s	p	i	a	-	-	-
,	,	6	u	-	-	-	-	-	-	-	-
τὸ	ὁ	7	l	-	s	-	-	-	n	a	-
μὴ	μή	8	c	-	-	-	-	-	-	-	-
βεβαίως	βέβαιος	9	d	-	-	-	-	-	-	-	-
βλέφαρα	βλέφαρον	10	n	-	p	-	-	-	n	a	-
συμβαλεῖν	συμβάλλω	11	v	-	-	a	n	a	-	-	-
ὕπνῳ	ὕπνος	12	n	-	s	-	-	-	m	d	-
·	·	13	u	-	-	-	-	-	-	-	-

ὅταν	ὅταν	1	c	-	-	-	-	-	-	-	-
δ'	δέ	2	d	-	-	-	-	-	-	-	-
ἀείδειν	ἀείδω	3	v	-	-	p	n	a	-	-	-
ἢ	ἤ	4	c	-	-	-	-	-	-	-	-
μινύρεσθαι	μινύρομαι	5	v	-	-	p	n	e	-	-	-
δοκῶ	δοκέω	6	v	1	s	p	s	a	-	-	-
,	,	7	u	-	-	-	-	-	-	-	-
ὕπνου	ὕπνος	8	n	-	s	-	-	-	m	g	-
τόδ'	ὅδε	9	p	-	s	-	-	-	n	a	-
ἀντίμολπον	ἀντίμολπος	10	a	-	s	-	-	-	n	a	-
ἐντέμνων	ἐντέμνω	11	v	-	s	p	p	a	m	n	-
ἄκος	ἄκος	12	n	-	s	-	-	-	n	a	-
,	,	13	u	-	-	-	-	-	-	-	-
κλαίω	κλαίω	14	v	1	s	p	i	a	-	-	-
τότ'	τότε	15	d	-	-	-	-	-	-	-	-
οἴκου	οἶκος	16	n	-	s	-	-	-	m	g	-
τοῦδε	ὅδε	17	p	-	s	-	-	-	m	g	-
συμφορὰν	συμφορά	18	n	-	s	-	-	-	f	a	-
στένων	στένω	19	v	-	s	p	p	a	m	n	-
οὐχ	οὐ	20	d	-	-	-	-	-	-	-	-
ὡς	ὡς	21	c	-	-	-	-	-	-	-	-
τὰ	ὁ	22	l	-	p	-	-	-	n	a	-
πρόσθ'	πρόσθεν	23	d	-	-	-	-	-	-	-	-
ἄριστα	ἄριστος	24	a	-	p	-	-	-	n	a	s
διαπονουμένου	διαπονέω	25	v	-	s	p	p	e	m	g	-
.	.	26	u	-	-	-	-	-	-	-	-

νῦν	νῦν	1	d	-	-	-	-	-	-	-	-
δ'	δέ	2	d	-	-	-	-	-	-	-	-
εὐτυχὴς	εὐτυχής	3	a	-	s	-	-	-	f	n	-
γένοιτ'	γίγνομαι	4	v	3	s	a	o	m	-	-	-
ἀπαλλαγὴ	ἀπαλλαγή	5	n	-	s	-	-	-	f	n	-
πόνων	πόνος	6	n	-	p	-	-	-	m	g	-
εὐαγγέλου	εὐάγγελος	7	a	-	s	-	-	-	n	g	-
φανέντος	φαίνω	8	v	-	s	a	p	p	n	g	-
ὀρφναίου	ὀρφναῖος	9	a	-	s	-	-	-	n	g	-
πυρός	πῦρ	10	n	-	s	-	-	-	n	g	-
.	.	11	u	-	-	-	-	-	-	-	-

ὦ	ὦ	1	i	-	-	-	-	-	-	-	-
χαῖρε	χαίρω	2	v	2	s	p	m	a	-	-	-
λαμπτὴρ	λαμπτήρ	3	n	-	s	-	-	-	m	v	-
νυκτός	νύξ	4	n	-	s	-	-	-	f	g	-
,	,	5	u	-	-	-	-	-	-	-	-
ἡμερήσιον	ἡμερήσιος	6	a	-	s	-	-	-	n	a	-
φάος	φάος	7	n	-	s	-	-	-	n	a	-
πιφαύσκων	πιφαύσκω	8	v	-	s	p	p	a	m	v	-
καὶ	καί	9	c	-	-	-	-	-	-	-	-
χορῶν	χορός	10	n	-	p	-	-	-	m	g	-
κατάστασιν	κατάστασις	11	n	-	s	-	-	-	f	a	-
πολλῶν	πολύς	12	a	-	p	-	-	-	m	g	-
ἐν	ἐν	13	r	-	-	-	-	-	-	-	-
Ἄργει	Ἄργος	14	n	-	s	-	-	-	n	d	-
,	,	15	u	-	-	-	-	-	-	-	-
τῆσδε	ὅδε	16	p	-	s	-	-	-	f	g	-
συμφορᾶς	συμφορά	17	n	-	s	-	-	-	f	g	-
χάριν	χάρις	18	n	-	s	-	-	-	f	a	-
.	.	19	u	-	-	-	-	-	-	-	-

ἰοὺ	ἰού	1	i	-	-	-	-	-	-	-	-
ἰού	ἰού	2	i	-	-	-	-	-	-	-	-
.	.	3	u	-	-	-	-	-	-	-	-

Ἀγαμέμνονος	Ἀγαμέμνων	1	n	-	s	-	-	-	m	g	-
γυναικὶ	γυνή	2	n	-	s	-	-	-	f	d	-
σημαίνω	σημαίνω	3	v	1	s	p	i	a	-	-	-
τορῶς	τορός	4	d	-	-	-	-	-	-	-	-
εὐνῆς	εὐνή	5	n	-	s	-	-	-	f	g	-
ἐπαντείλασαν	ἐπανατέλλω	6	v	-	s	a	p	a	f	a	-
ὡς	ὡς	7	d	-	-	-	-	-	-	-	-
τάχος	τάχος	8	n	-	s	-	-	-	n	a	-
δόμοις	δόμος	9	n	-	p	-	-	-	m	d	-
ὀλολυγμὸν	ὀλολυγμός	10	n	-	s	-	-	-	m	a	-
εὐφημοῦντα	εὐφημέω	11	v	-	s	p	p	a	m	a	-
τῇδε	ὅδε	12	p	-	s	-	-	-	f	d	-
λαμπάδι	λαμπάς	13	n	-	s	-	-	-	f	d	-
ἐπορθιάζειν	ἐπορθιάζω	14	v	-	-	p	n	a	-	-	-
,	,	15	u	-	-	-	-	-	-	-	-
εἴπερ	εἴπερ	16	c	-	-	-	-	-	-	-	-
Ἰλίου	Ἴλιος	17	n	-	s	-	-	-	f	g	-
πόλις	πόλις	18	n	-	s	-	-	-	f	n	-
ἑάλωκεν	ἁλίσκομαι	19	v	3	s	r	i	a	-	-	-
,	,	20	u	-	-	-	-	-	-	-	-
ὡς	ὡς	21	c	-	-	-	-	-	-	-	-
ὁ	ὁ	22	l	-	s	-	-	-	m	n	-
φρυκτὸς	φρυκτός	23	n	-	s	-	-	-	m	n	-
ἀγγέλλων	ἀγγέλλω	24	v	-	s	p	p	a	m	n	-
πρέπει	πρέπω	25	v	3	s	p	i	a	-	-	-
·	·	26	u	-	-	-	-	-	-	-	-

αὐτός	αὐτός	1	p	-	s	-	-	-	m	n	-
τ'	τε	2	c	-	-	-	-	-	-	-	-
ἔγωγε	ἐγώ	3	p	-	s	-	-	-	m	n	-
φροίμιον	φροίμιον	4	n	-	s	-	-	-	n	a	-
χορεύσομαι	χορεύω	5	v	1	s	f	i	m	-	-	-
.	.	6	u	-	-	-	-	-	-	-	-

τὰ	ὁ	1	l	-	p	-	-	-	n	a	-
δεσποτῶν	δεσπότης	2	n	-	p	-	-	-	m	g	-
γὰρ	γάρ	3	d	-	-	-	-	-	-	-	-
εὖ	εὖ	4	d	-	-	-	-	-	-	-	-
πεσόντα	πίπτω	5	v	-	p	a	p	a	n	a	-
θήσομαι	τίθημι	6	v	1	s	f	i	m	-	-	-
τρὶς	τρίς	7	d	-	-	-	-	-	-	-	-
ἓξ	ἕξ	8	m	-	-	-	-	-	-	-	-
βαλούσης	βάλλω	9	v	-	s	a	p	a	f	g	-
τῆσδέ	ὅδε	10	p	-	s	-	-	-	f	g	-
μοι	ἐγώ	11	p	-	s	-	-	-	m	d	-
φρυκτωρίας	φρυκτωρία	12	n	-	s	-	-	-	f	g	-
.	.	13	u	-	-	-	-	-	-	-	-

γένοιτο	γίγνομαι	1	v	3	s	a	o	m	-	-	-
δ'	δέ	2	d	-	-	-	-	-	-	-	-
οὖν	οὖν	3	d	-	-	-	-	-	-	-	-
μολόντος	βλώσκω	4	v	-	s	a	p	a	m	g	-
εὐφιλῆ	εὐφιλής	5	a	-	s	-	-	-	f	a	-
χέρα	χείρ	6	n	-	s	-	-	-	f	a	-
ἄνακτος	ἄναξ	7	n	-	s	-	-	-	m	g	-
οἴκων	οἶκος	8	n	-	p	-	-	-	m	g	-
τῇδε	ὅδε	9	p	-	s	-	-	-	f	d	-
βαστάσαι	βαστάζω	10	v	-	-	a	n	a	-	-	-
χερί	χείρ	11	n	-	s	-	-	-	f	d	-
.	.	12	u	-	-	-	-	-	-	-	-

τὰ	ὁ	1	l	-	p	-	-	-	n	a	-
δ'	δέ	2	d	-	-	-	-	-	-	-	-
ἄλλα	ἄλλος	3	p	-	p	-	-	-	n	a	-
σιγῶ	σιγάω	4	v	1	s	p	i	a	-	-	-
·	·	5	u	-	-	-	-	-	-	-	-

βοῦς	βοῦς	1	n	-	s	-	-	-	m	n	-
ἐπὶ	ἐπί	2	r	-	-	-	-	-	-	-	-
γλώσσῃ	γλῶσσα	3	n	-	s	-	-	-	f	d	-
μέγας	μέγας	4	a	-	s	-	-	-	m	n	-
βέβηκεν	βαίνω	5	v	3	s	r	i	a	-	-	-
·	·	6	u	-	-	-	-	-	-	-	-

οἶκος	οἶκος	1	n	-	s	-	-	-	m	n	-
δ'	δέ	2	d	-	-	-	-	-	-	-	-
αὐτός	αὐτός	3	p	-	s	-	-	-	m	n	-
,	,	4	u	-	-	-	-	-	-	-	-
εἰ	εἰ	5	c	-	-	-	-	-	-	-	-
φθογγὴν	φθογγή	6	n	-	s	-	-	-	f	a	-
λάβοι	λαμβάνω	7	v	3	s	a	o	a	-	-	-
,	,	8	u	-	-	-	-	-	-	-	-
σαφέστατ'	σαφής	9	a	-	p	-	-	-	n	a	s
ἂν	ἄν1	10	d	-	-	-	-	-	-	-	-
λέξειεν	λέγω	11	v	3	s	a	o	a	-	-	-
·	·	12	u	-	-	-	-	-	-	-	-

ὡς	ὡς	1	c	-	-	-	-	-	-	-	-
ἑκὼν	ἑκών	2	a	-	s	-	-	-	m	n	-
ἐγὼ	ἐγώ	3	p	-	s	-	-	-	m	n	-
μαθοῦσιν	μανθάνω	4	v	-	p	a	p	a	m	d	-
αὐδῶ	αὐδάω	5	v	1	s	p	i	a	-	-	-
κ	καί	6	c	-	-	-	-	-	-	-	-
οὐ	οὐ	7	d	-	-	-	-	-	-	-	-
μαθοῦσι	μανθάνω	8	v	-	p	a	p	a	m	d	-
λήθομαι	λανθάνω	9	v	1	s	p	i	e	-	-	-
.	.	10	u	-	-	-	-	-	-	-	-

δέκατον	δέκατος	1	a	-	s	-	-	-	n	n	-
μὲν	μέν	2	d	-	-	-	-	-	-	-	-
ἔτος	ἔτος	3	n	-	s	-	-	-	n	n	-
τόδ'	ὅδε	4	p	-	s	-	-	-	n	n	-
ἐπεὶ	ἐπεί	5	c	-	-	-	-	-	-	-	-
Πριάμου	Πρίαμος	6	n	-	s	-	-	-	m	g	-
μέγας	μέγας	7	a	-	s	-	-	-	m	n	-
ἀντίδικος	ἀντίδικος	8	a	-	s	-	-	-	m	n	-
,	,	9	u	-	-	-	-	-	-	-	-
Μενέλαος	Μενέλαος	10	n	-	s	-	-	-	m	n	-
ἄναξ	ἄναξ	11	n	-	s	-	-	-	m	n	-
ἠδ'	ἠδέ	12	c	-	-	-	-	-	-	-	-
Ἀγαμέμνων	Ἀγαμέμνων	13	n	-	s	-	-	-	m	n	-
,	,	14	u	-	-	-	-	-	-	-	-
διθρόνου	δίθρονος	15	a	-	s	-	-	-	f	g	-
Διόθεν	Ζεύς	16	d	-	-	-	-	-	-	-	-
καὶ	καί	17	c	-	-	-	-	-	-	-	-
δισκήπτρου	δίσκηπτρος	18	a	-	s	-	-	-	f	g	-
τιμῆς	τιμή	19	n	-	s	-	-	-	f	g	-
ὀχυρὸν	ὀχυρός	20	a	-	s	-	-	-	n	n	-
ζεῦγος	ζεῦγος	21	n	-	s	-	-	-	n	n	-
Ἀτρειδᾶν	Ἀτρείδης	22	n	-	p	-	-	-	m	g	-
στόλον	στόλος	23	n	-	s	-	-	-	m	a	-
Ἀργείων	Ἀργεῖος	24	a	-	p	-	-	-	m	g	-
χιλιοναύτην	χιλιοναύτης	25	n	-	s	-	-	-	m	a	-
τῆσδ'	ὅδε	26	p	-	s	-	-	-	f	g	-
ἀπὸ	ἀπό	27	r	-	-	-	-	-	-	-	-
χώρας	χώρα	28	n	-	s	-	-	-	f	g	-
ἦραν	αἴρω	29	v	3	p	a	i	a	-	-	-
,	,	30	u	-	-	-	-	-	-	-	-
στρατιῶτιν	στρατιῶτις	31	a	-	s	-	-	-	f	a	-
ἀρωγὰν	ἀρωγή	32	n	-	s	-	-	-	f	a	-
,	,	33	u	-	-	-	-	-	-	-	-
μέγαν	μέγας	34	a	-	s	-	-	-	m	a	-
ἐκ	ἐκ	35	r	-	-	-	-	-	-	-	-
θυμοῦ	θυμός	36	n	-	s	-	-	-	m	g	-
κλάζοντες	κλάζω	37	v	-	p	p	p	a	m	n	-
Ἄρη	Ἄρης	38	n	-	s	-	-	-	m	a	-
τρόπον	τρόπος	39	n	-	s	-	-	-	m	a	-
αἰγυπιῶν	αἰγυπιός	40	n	-	p	-	-	-	m	g	-
,	,	41	u	-	-	-	-	-	-	-	-
οἵτ'	ὅστε	42	p	-	p	-	-	-	m	n	-
ἐκπατίοις	ἐκπάτιος	43	a	-	p	-	-	-	n	d	-
ἄλγεσι	ἄλγος	44	n	-	p	-	-	-	n	d	-
παίδων	παῖς	45	n	-	p	-	-	-	m	g	-
ὕπατοι	ὕπατος	46	a	-	p	-	-	-	m	n	-
λεχέων	λέχος	47	n	-	p	-	-	-	n	g	-
στροφοδινοῦνται	στροφοδινέομαι	48	v	3	p	p	i	e	-	-	-
πτερύγων	πτέρυξ	49	n	-	p	-	-	-	f	g	-
ἐρετμοῖσιν	ἐρετμόν	50	n	-	p	-	-	-	n	d	-
ἐρεσσόμενοι	ἐρέσσω	51	v	-	p	p	p	e	m	n	-
,	,	52	u	-	-	-	-	-	-	-	-
δεμνιοτήρη	δεμνιοτήρης	53	a	-	s	-	-	-	m	a	-
πόνον	πόνος	54	n	-	s	-	-	-	m	a	-
ὀρταλίχων	ὀρτάλιχος	55	n	-	p	-	-	-	m	g	-
ὀλέσαντες	ὄλλυμι	56	v	-	p	a	p	a	m	n	-
·	·	57	u	-	-	-	-	-	-	-	-

ὕπατος	ὕπατος	1	a	-	s	-	-	-	m	n	-
δ'	δέ	2	d	-	-	-	-	-	-	-	-
ἀίων	ἀίω	3	v	-	s	p	p	a	m	n	-
ἤ	ἤ	4	c	-	-	-	-	-	-	-	-
τις	τις	5	p	-	s	-	-	-	m	n	-
Ἀπόλλων	Ἀπόλλων	6	n	-	s	-	-	-	m	n	-
ἢ	ἤ	7	c	-	-	-	-	-	-	-	-
Πὰν	Πάν	8	n	-	s	-	-	-	m	n	-
ἢ	ἤ	9	c	-	-	-	-	-	-	-	-
Ζεὺς	Ζεύς	10	n	-	s	-	-	-	m	n	-
οἰωνόθροον	οἰωνόθροος	11	a	-	s	-	-	-	m	a	-
γόον	γόος	12	n	-	s	-	-	-	m	a	-
ὀξυβόαν	ὀξυβόας	13	n	-	s	-	-	-	m	a	-
τῶνδε	ὅδε	14	p	-	p	-	-	-	m	g	-
μετοίκων	μέτοικος	15	n	-	p	-	-	-	m	g	-
ὑστερόποινον	ὑστερόποινος	16	a	-	s	-	-	-	f	a	-
πέμπει	πέμπω	17	v	3	s	p	i	a	-	-	-
παραβᾶσιν	παραβαίνω	18	v	-	p	a	p	a	m	d	-
Ἐρινύν	̓Ἐρινύς	19	n	-	s	-	-	-	f	a	-
.	.	20	u	-	-	-	-	-	-	-	-

οὕτω	οὕτως	1	d	-	-	-	-	-	-	-	-
δ'	δέ	2	d	-	-	-	-	-	-	-	-
Ἀτρέως	Ἀτρεύς	3	n	-	s	-	-	-	m	g	-
παῖδας	παῖς	4	n	-	p	-	-	-	m	a	-
ὁ	ὁ	5	l	-	s	-	-	-	m	n	-
κρείσσων	κρείσσων	6	a	-	s	-	-	-	m	n	c
ἐπ'	ἐπί	7	r	-	-	-	-	-	-	-	-
Ἀλεξάνδρῳ	Ἀλέξανδρος	8	n	-	s	-	-	-	m	d	-
πέμπει	πέμπω	9	v	3	s	p	i	a	-	-	-
ξένιος	ξένιος	10	a	-	s	-	-	-	m	n	-
Ζεὺς	Ζεύς	11	n	-	s	-	-	-	m	n	-
πολυάνορος	πολυάνωρ	12	n	-	s	-	-	-	f	g	-
ἀμφὶ	ἀμφί	13	r	-	-	-	-	-	-	-	-
γυναικὸς	γυνή	14	n	-	s	-	-	-	f	g	-
πολλὰ	πολύς	15	a	-	p	-	-	-	n	a	-
παλαίσματα	πάλαισμα	16	n	-	p	-	-	-	n	a	-
καὶ	καί	17	c	-	-	-	-	-	-	-	-
γυιοβαρῆ	γυιοβαρής	18	a	-	p	-	-	-	n	a	-
γόνατος	γόνυ	19	n	-	s	-	-	-	n	g	-
κονίαισιν	κόνιος	20	a	-	p	-	-	-	f	d	-
ἐρειδομένου	ἐρείδω	21	v	-	s	p	p	e	n	g	-
διακναιομένης	διακναίω	22	v	-	s	p	p	e	f	g	-
τ'	τε	23	c	-	-	-	-	-	-	-	-
ἐν	ἐν	24	r	-	-	-	-	-	-	-	-
προτελείοις	προτέλεια	25	n	-	p	-	-	-	n	d	-
κάμακος	κάμαξ	26	n	-	s	-	-	-	f	g	-
θήσων	τίθημι	27	v	-	s	f	p	a	m	n	-
Δαναοῖσι	Δαναοί	28	n	-	p	-	-	-	m	d	-
Τρωσί	Τρώς	29	n	-	p	-	-	-	m	d	-
θ'	τε	30	c	-	-	-	-	-	-	-	-
ὁμοίως	ὅμοιος	31	d	-	-	-	-	-	-	-	-
.	.	32	u	-	-	-	-	-	-	-	-

ἔστι	εἰμί	1	v	3	s	p	i	a	-	-	-
δ'	δέ	2	d	-	-	-	-	-	-	-	-
ὅπῃ	ὅπῃ	3	d	-	-	-	-	-	-	-	-
νῦν	νῦν	4	d	-	-	-	-	-	-	-	-
ἔστι	εἰμί	5	v	3	s	p	i	a	-	-	-
·	·	6	u	-	-	-	-	-	-	-	-

τελεῖται	τελέω	1	v	3	s	f	i	m	-	-	-
δ'	δέ	2	d	-	-	-	-	-	-	-	-
ἐς	εἰς	3	r	-	-	-	-	-	-	-	-
τὸ	ὁ	4	l	-	s	-	-	-	n	a	-
πεπρωμένον	πόρω	5	v	-	s	r	p	e	n	a	-
·	·	6	u	-	-	-	-	-	-	-	-

οὔ	οὔτε	1	c	-	-	-	-	-	-	-	-
θ'	οὔτε	2	c	-	-	-	-	-	-	-	-
ὑποκαίων	ὑποκαίω	3	v	-	s	p	p	a	m	n	-
οὔ	οὔτε	4	c	-	-	-	-	-	-	-	-
θ'	οὔτε	5	c	-	-	-	-	-	-	-	-
ὑπολείβων	ὑπολείβω	6	v	-	s	p	p	a	m	n	-
οὔ	οὔτε	7	c	-	-	-	-	-	-	-	-
τε	οὔτε	8	c	-	-	-	-	-	-	-	-
δακρύων	δάκρυον	9	n	-	p	-	-	-	n	g	-
ἀπύρων	ἄπυρος	10	a	-	p	-	-	-	n	g	-
ἱερῶν	ἱερός	11	a	-	p	-	-	-	m	g	-
ὀργὰς	ὀργή	12	n	-	p	-	-	-	f	a	-
ἀτενεῖς	ἀτενής	13	a	-	p	-	-	-	f	a	-
παραθέλξει	παραθέλγω	14	v	3	s	f	i	a	-	-	-
.	.	15	u	-	-	-	-	-	-	-	-

ἡμεῖς	ἐγώ	1	p	-	p	-	-	-	m	n	-
δ'	δέ	2	d	-	-	-	-	-	-	-	-
ἀτίται	ἀτίτης	3	n	-	p	-	-	-	m	n	-
σαρκὶ	σάρξ	4	n	-	s	-	-	-	f	d	-
παλαιᾷ	παλαιός	5	a	-	s	-	-	-	f	d	-
τῆς	ὁ	6	l	-	s	-	-	-	f	g	-
τότ'	τότε	7	d	-	-	-	-	-	-	-	-
ἀρωγῆς	ἀρωγή	8	n	-	s	-	-	-	f	g	-
ὑπολειφθέντες	ὑπολείπω	9	v	-	p	a	p	p	m	n	-
μίμνομεν	μίμνω	10	v	1	p	p	i	a	-	-	-
ἰσχὺν	ἰσχύς	11	n	-	s	-	-	-	f	a	-
ἰσόπαιδα	ἰσόπαις	12	n	-	s	-	-	-	f	a	-
νέμοντες	νέμω	13	v	-	p	p	p	a	m	n	-
ἐπὶ	ἐπί	14	r	-	-	-	-	-	-	-	-
σκήπτροις	σκῆπτρον	15	n	-	p	-	-	-	n	d	-
.	.	16	u	-	-	-	-	-	-	-	-

ὅ	ὁ	1	l	-	s	-	-	-	m	n	-
τε	τε	2	c	-	-	-	-	-	-	-	-
γὰρ	γάρ	3	d	-	-	-	-	-	-	-	-
νεαρὸς	νεαρός	4	a	-	s	-	-	-	m	n	-
μυελὸς	μυελός	5	n	-	s	-	-	-	m	n	-
στέρνων	στέρνον	6	n	-	p	-	-	-	n	g	-
ἐντὸς	ἐντός	7	r	-	-	-	-	-	-	-	-
ἀνᾴσσων	ἀναίσσω	8	v	-	s	p	p	a	m	n	-
ἰσόπρεσβυς	ἰσόπρεσβυς	9	a	-	s	-	-	-	m	n	-
,	,	10	u	-	-	-	-	-	-	-	-
Ἄρης	Ἄρης	11	n	-	s	-	-	-	m	n	-
δ'	δέ	12	d	-	-	-	-	-	-	-	-
οὐκ	οὐ	13	d	-	-	-	-	-	-	-	-
ἔνι	ἐν	14	r	-	-	-	-	-	-	-	-
χώρᾳ	χώρα	15	n	-	s	-	-	-	f	d	-
,	,	16	u	-	-	-	-	-	-	-	-
τό	ὁ	17	l	-	s	-	-	-	n	n	-
θ'	τε	18	c	-	-	-	-	-	-	-	-
ὑπέργηρων	ὑπέργηρως	19	a	-	s	-	-	-	n	n	-
φυλλάδος	φυλλάς	20	n	-	s	-	-	-	f	g	-
ἤδη	ἤδη	21	d	-	-	-	-	-	-	-	-
κατακαρφομένης	κατακάρφω	22	v	-	s	p	p	e	f	g	-
τρίποδας	τρίπους	23	n	-	p	-	-	-	m	a	-
μὲν	μέν	24	d	-	-	-	-	-	-	-	-
ὁδοὺς	ὁδός	25	n	-	p	-	-	-	f	a	-
στείχει	στείχω	26	v	3	s	p	i	a	-	-	-
,	,	27	u	-	-	-	-	-	-	-	-
παιδὸς	παῖς	28	n	-	s	-	-	-	m	g	-
δ'	δέ	29	d	-	-	-	-	-	-	-	-
οὐδὲν	οὐδείς	30	p	-	s	-	-	-	n	a	-
ἀρείων	ἀρείων	31	a	-	s	-	-	-	m	n	c
ὄναρ	ὄναρ	32	n	-	s	-	-	-	n	n	-
ἡμερόφαντον	ἡμερόφαντος	33	a	-	s	-	-	-	n	n	-
ἀλαίνει	ἀλαίνω	34	v	3	s	p	i	a	-	-	-
.	.	35	u	-	-	-	-	-	-	-	-

σὺ	σύ	1	p	-	s	-	-	-	f	v	-
δέ	δέ	2	d	-	-	-	-	-	-	-	-
,	,	3	u	-	-	-	-	-	-	-	-
Τυνδάρεω	Τυνδάρεος	4	n	-	s	-	-	-	m	g	-
θύγατερ	θυγάτηρ	5	n	-	s	-	-	-	f	v	-
,	,	6	u	-	-	-	-	-	-	-	-
βασίλεια	βασίλεια	7	n	-	s	-	-	-	f	v	-
Κλυταιμήστρα	Κλυταιμήστρα	8	n	-	s	-	-	-	f	v	-
,	,	9	u	-	-	-	-	-	-	-	-
τί	τίς	10	p	-	s	-	-	-	n	n	-
χρέος	χρέος	11	n	-	s	-	-	-	n	n	-
;	;	12	u	-	-	-	-	-	-	-	-

τί	τίς	1	p	-	s	-	-	-	n	n	-
νέον	νέος	2	a	-	s	-	-	-	n	n	-
;	;	3	u	-	-	-	-	-	-	-	-

τί	τίς	1	p	-	s	-	-	-	n	a	-
δ'	δέ	2	d	-	-	-	-	-	-	-	-
ἐπαισθομένη	ἐπαισθάνομαι	3	v	-	s	a	p	m	f	n	-
,	,	4	u	-	-	-	-	-	-	-	-
τίνος	τίς	5	p	-	s	-	-	-	f	g	-
ἀγγελίας	ἀγγελία	6	n	-	s	-	-	-	f	g	-
πειθοῖ	πειθώ	7	n	-	s	-	-	-	f	d	-
περίπεμπτα	περίπεμπτος	8	a	-	p	-	-	-	n	a	-
θυοσκεῖς	θυοσκέω	9	v	2	s	p	i	a	-	-	-
;	;	10	u	-	-	-	-	-	-	-	-

πάντων	πᾶς	1	p	-	p	-	-	-	m	g	-
δὲ	δέ	2	d	-	-	-	-	-	-	-	-
θεῶν	θεός	3	n	-	p	-	-	-	m	g	-
τῶν	ὁ	4	l	-	p	-	-	-	m	g	-
ἀστυνόμων	ἀστυνόμος	5	a	-	p	-	-	-	m	g	-
,	,	6	u	-	-	-	-	-	-	-	-
ὑπάτων	ὕπατος	7	a	-	p	-	-	-	m	g	-
,	,	8	u	-	-	-	-	-	-	-	-
χθονίων	χθόνιος	9	a	-	p	-	-	-	m	g	-
,	,	10	u	-	-	-	-	-	-	-	-
τῶν	ὁ	11	l	-	p	-	-	-	m	g	-
τ'	τε	12	c	-	-	-	-	-	-	-	-
οὐρανίων	οὐράνιος	13	a	-	p	-	-	-	m	g	-
τῶν	ὁ	14	l	-	p	-	-	-	m	g	-
τ'	τε	15	c	-	-	-	-	-	-	-	-
ἀγοραίων	ἀγοραῖος	16	a	-	p	-	-	-	m	g	-
,	,	17	u	-	-	-	-	-	-	-	-
βωμοὶ	βωμός	18	n	-	p	-	-	-	m	n	-
δώροισι	δῶρον	19	n	-	p	-	-	-	n	d	-
φλέγονται	φλέγω	20	v	3	p	p	i	e	-	-	-
·	·	21	u	-	-	-	-	-	-	-	-

ἄλλη	ἄλλος	1	p	-	s	-	-	-	f	n	-
δ'	δέ	2	d	-	-	-	-	-	-	-	-
ἄλλοθεν	ἄλλοθεν	3	d	-	-	-	-	-	-	-	-
οὐρανομήκης	οὐρανομήκης	4	a	-	p	-	-	-	f	n	-
λαμπὰς	λαμπάς	5	n	-	s	-	-	-	f	n	-
ἀνίσχει	ἀνίσχω	6	v	3	s	p	i	a	-	-	-
,	,	7	u	-	-	-	-	-	-	-	-
φαρμασσομένη	φαρμάσσω	8	v	-	s	p	p	e	f	n	-
χρίματος	χρῖμα	9	n	-	s	-	-	-	n	g	-
ἁγνοῦ	ἁγνός	10	a	-	s	-	-	-	n	g	-
μαλακαῖς	μαλακός	11	a	-	p	-	-	-	f	d	-
ἀδόλοισι	ἄδολος	12	a	-	p	-	-	-	f	d	-
παρηγορίαις	παρηγορία	13	n	-	p	-	-	-	f	d	-
,	,	14	u	-	-	-	-	-	-	-	-
πελάνῳ	πέλανος	15	n	-	s	-	-	-	m	d	-
μυχόθεν	μυχόθεν	16	d	-	-	-	-	-	-	-	-
βασιλείῳ	βασίλειος	17	a	-	s	-	-	-	m	d	-
.	.	18	u	-	-	-	-	-	-	-	-

τούτων	οὗτος	1	p	-	p	-	-	-	n	g	-
λέξασ'	λέγω	2	v	-	s	a	p	a	f	n	-
ὅ	ὅς	3	p	-	s	-	-	-	n	n	-
τι	τις	4	p	-	s	-	-	-	n	n	-
καὶ	καί	5	c	-	-	-	-	-	-	-	-
δυνατὸν	δυνατός	6	a	-	s	-	-	-	n	n	-
καὶ	καί	7	c	-	-	-	-	-	-	-	-
θέμις	θέμις	8	n	-	s	-	-	-	f	n	-
αἰνεῖν	αἰνέω	9	v	-	-	p	n	a	-	-	-
,	,	10	u	-	-	-	-	-	-	-	-
παιών	παιάν	11	n	-	s	-	-	-	m	n	-
τε	τε	12	c	-	-	-	-	-	-	-	-
γενοῦ	γίγνομαι	13	v	2	s	a	m	m	-	-	-
τῆσδε	ὅδε	14	p	-	s	-	-	-	f	g	-
μερίμνης	μέριμνα	15	n	-	s	-	-	-	f	g	-
,	,	16	u	-	-	-	-	-	-	-	-
ἣ	ὅς	17	p	-	s	-	-	-	f	n	-
νῦν	νῦν	18	d	-	-	-	-	-	-	-	-
τοτὲ	τοτέ	19	d	-	-	-	-	-	-	-	-
μὲν	μέν	20	d	-	-	-	-	-	-	-	-
κακόφρων	κακόφρων	21	a	-	s	-	-	-	f	n	-
τελέθει	τελέθω	22	v	3	s	p	i	a	-	-	-
,	,	23	u	-	-	-	-	-	-	-	-
τοτὲ	τοτέ	24	d	-	-	-	-	-	-	-	-
δ'	δέ	25	d	-	-	-	-	-	-	-	-
ἐκ	ἐκ	26	r	-	-	-	-	-	-	-	-
θυσιῶν	θυσία	27	n	-	p	-	-	-	f	g	-
ἀγανὴ	ἀγανός	28	a	-	s	-	-	-	f	n	-
φαίνουσ'	φαίνω	29	v	3	p	p	i	a	-	-	-
ἐλπὶς	ἐλπίς	30	n	-	s	-	-	-	f	n	-
ἀμύνει	ἀμύνω	31	v	3	s	p	i	a	-	-	-
φροντίδ'	φροντίς	32	n	-	s	-	-	-	f	a	-
ἄπληστον	ἄπληστος	33	a	-	s	-	-	-	f	a	-
τῆς	ὁ	34	l	-	s	-	-	-	f	g	-
θυμοβόρου	θυμοβόρος	35	a	-	s	-	-	-	f	g	-
φρένα	φρήν	36	n	-	s	-	-	-	f	a	-
λύπης	λύπη	37	n	-	s	-	-	-	f	g	-
.	.	38	u	-	-	-	-	-	-	-	-

κύριός	κύριος	1	a	-	s	-	-	-	m	n	-
εἰμι	εἰμί	2	v	1	s	p	i	a	-	-	-
θροεῖν	θροέω	3	v	-	-	p	n	a	-	-	-
ὅδιον	ὅδιος	4	a	-	s	-	-	-	n	a	-
κράτος	κράτος	5	n	-	s	-	-	-	n	a	-
αἴσιον	αἴσιος	6	a	-	s	-	-	-	n	a	-
ἀνδρῶν	ἀνήρ	7	n	-	p	-	-	-	m	g	-
ἐκτελέων	ἐκτελής	8	a	-	p	-	-	-	m	g	-
·	·	9	u	-	-	-	-	-	-	-	-

ἔτι	ἔτι	1	d	-	-	-	-	-	-	-	-
γὰρ	γάρ	2	d	-	-	-	-	-	-	-	-
θεόθεν	θεόθεν	3	d	-	-	-	-	-	-	-	-
καταπνεύει	καταπνέω	4	v	3	s	p	i	a	-	-	-
πειθὼ	πειθώ	5	n	-	s	-	-	-	f	a	-
μολπᾶν	μολπή	6	n	-	p	-	-	-	f	g	-
ἀλκὰν	ἀλκή	7	n	-	s	-	-	-	f	a	-
σύμφυτος	σύμφυτος	8	a	-	s	-	-	-	m	n	-
αἰών	αἰών	9	n	-	s	-	-	-	m	n	-
·	·	10	u	-	-	-	-	-	-	-	-

ὅπως	ὅπως	1	c	-	-	-	-	-	-	-	-
Ἀχαιῶν	Αχαιός	2	n	-	p	-	-	-	m	g	-
δίθρονον	δίθρονος	3	a	-	s	-	-	-	n	a	-
κράτος	κράτος	4	n	-	s	-	-	-	n	a	-
,	,	5	u	-	-	-	-	-	-	-	-
Ἑλλάδος	Ἑλλάς	6	n	-	s	-	-	-	f	g	-
ἥβας	ἥβη	7	n	-	s	-	-	-	f	g	-
ξύμφρονα	σύμφρων	8	n	-	s	-	-	-	f	a	-
ταγάν	ταγή	9	n	-	s	-	-	-	f	a	-
,	,	10	u	-	-	-	-	-	-	-	-
πέμπει	πέμπω	11	v	3	s	p	i	a	-	-	-
σὺν	σύν	12	r	-	-	-	-	-	-	-	-
δορὶ	δόρυ	13	n	-	s	-	-	-	n	d	-
καὶ	καί	14	c	-	-	-	-	-	-	-	-
χερὶ	χείρ	15	n	-	s	-	-	-	f	d	-
πράκτορι	πράκτωρ	16	n	-	s	-	-	-	m	d	-
θούριος	θούριος	17	a	-	s	-	-	-	m	n	-
ὄρνις	ὄρνις	18	n	-	s	-	-	-	m	n	-
Τευκρίδ'	Τευκρίς	19	a	-	s	-	-	-	f	a	-
ἐπ'	ἐπί	20	r	-	-	-	-	-	-	-	-
αἶαν	αἶα	21	n	-	s	-	-	-	f	a	-
,	,	22	u	-	-	-	-	-	-	-	-
οἰωνῶν	οἰωνός	23	n	-	p	-	-	-	m	g	-
βασιλεὺς	βασιλεύς	24	n	-	s	-	-	-	m	n	-
βασιλεῦσι	βασιλεύς	25	n	-	p	-	-	-	m	d	-
νεῶν	ναῦς	26	n	-	p	-	-	-	f	g	-
ὁ	ὁ	27	p	-	s	-	-	-	m	n	-
κελαινός	κελαινός	28	a	-	s	-	-	-	m	n	-
,	,	29	u	-	-	-	-	-	-	-	-
ὅ	ὁ	30	p	-	s	-	-	-	m	n	-
τ'	τε	31	c	-	-	-	-	-	-	-	-
ἐξόπιν	ἐξόπιν	32	d	-	-	-	-	-	-	-	-
ἀργᾶς	ἀργήεις	33	a	-	s	-	-	-	m	n	-
,	,	34	u	-	-	-	-	-	-	-	-
φανέντες	φαίνω	35	v	-	p	a	p	p	m	n	-
ἴκταρ	ἵκταρ	36	r	-	-	-	-	-	-	-	-
μελάθρων	μέλαθρον	37	n	-	p	-	-	-	n	g	-
χερὸς	χείρ	38	n	-	s	-	-	-	f	g	-
ἐκ	ἐκ	39	r	-	-	-	-	-	-	-	-
δοριπάλτου	δορίπαλτος	40	a	-	s	-	-	-	f	g	-
παμπρέπτοις	πάμπρεπτος	41	a	-	p	-	-	-	f	d	-
ἐν	ἐν	42	r	-	-	-	-	-	-	-	-
ἕδραισιν	ἕδρα	43	n	-	p	-	-	-	f	d	-
,	,	44	u	-	-	-	-	-	-	-	-
βοσκόμενοι	βόσκω	45	v	-	p	p	p	e	m	n	-
λαγίναν	λάγινος	46	a	-	s	-	-	-	f	a	-
,	,	47	u	-	-	-	-	-	-	-	-
ἐρικύμονα	ἐρικύμων	48	a	-	s	-	-	-	f	a	-
φέρματι	φέρμα	49	n	-	s	-	-	-	n	d	-
γένναν	γέννα	50	n	-	s	-	-	-	f	a	-
,	,	51	u	-	-	-	-	-	-	-	-
βλαβέντα	βλάπτω	52	v	-	s	a	p	p	m	a	-
λοισθίων	λοίσθιος	53	a	-	p	-	-	-	m	g	-
δρόμων	δρόμων	54	n	-	s	-	-	-	m	n	-
.	.	55	u	-	-	-	-	-	-	-	-

αἴλινον	αἴλινον	1	n	-	s	-	-	-	n	a	-
αἴλινον	αἴλινον	2	n	-	s	-	-	-	n	a	-
εἰπέ	εἶπον	3	v	2	s	a	m	a	-	-	-
,	,	4	u	-	-	-	-	-	-	-	-
τὸ	ὁ	5	l	-	s	-	-	-	n	n	-
δ'	δέ	6	d	-	-	-	-	-	-	-	-
εὖ	ἐύς	7	a	-	s	-	-	-	n	n	-
νικάτω	νικάω	8	v	3	s	p	m	a	-	-	-
.	.	9	u	-	-	-	-	-	-	-	-

κεδνὸς	κεδνός	1	a	-	s	-	-	-	m	n	-
δὲ	δέ	2	d	-	-	-	-	-	-	-	-
στρατόμαντις	στρατόμαντις	3	n	-	s	-	-	-	m	n	-
ἰδὼν	εἶδον	4	v	-	s	a	p	a	m	n	-
δύο	δύο	5	m	-	-	-	-	-	-	-	-
λήμασι	λῆμα	6	n	-	p	-	-	-	n	d	-
δισσοὺς	δισσός	7	a	-	p	-	-	-	m	a	-
Ἀτρεΐδας	Ἀτρείδης	8	n	-	p	-	-	-	m	a	-
μαχίμους	μάχιμος	9	a	-	p	-	-	-	m	a	-
ἐδάη	δάω	10	v	3	s	a	i	a	-	-	-
λαγοδαίτας	λαγοδαίτης	11	n	-	s	-	-	-	m	n	-
πομπούς	πομπός	12	n	-	p	-	-	-	f	a	-
τ'	τε	13	c	-	-	-	-	-	-	-	-
ἀρχάς	ἀρχή	14	n	-	p	-	-	-	f	a	-
·	·	15	u	-	-	-	-	-	-	-	-

οὕτω	οὕτως	1	d	-	-	-	-	-	-	-	-
δ'	δέ	2	d	-	-	-	-	-	-	-	-
εἶπε	εἶπον	3	v	3	s	a	i	a	-	-	-
τερᾴζων	τεράζω	4	v	-	s	p	p	a	m	n	-
·	·	5	u	-	-	-	-	-	-	-	-

"	"	1	u	-	-	-	-	-	-	-	-
χρόνῳ	χρόνος	2	n	-	s	-	-	-	m	d	-
μὲν	μέν	3	d	-	-	-	-	-	-	-	-
ἀγρεῖ	ἀγρέω	4	v	3	s	p	i	a	-	-	-
Πριάμου	Πρίαμος	5	n	-	s	-	-	-	m	g	-
πόλιν	πόλις	6	n	-	s	-	-	-	f	a	-
ἅδε	ὅδε	7	p	-	s	-	-	-	f	n	-
κέλευθος	κέλευθος	8	n	-	s	-	-	-	f	n	-
,	,	9	u	-	-	-	-	-	-	-	-
πάντα	πᾶς	10	p	-	p	-	-	-	n	a	-
δὲ	δέ	11	d	-	-	-	-	-	-	-	-
πύργων	πύργος	12	n	-	p	-	-	-	m	g	-
κτήνη	κτῆνος	13	n	-	p	-	-	-	n	a	-
πρόσθε	πρόσθεν	14	r	-	-	-	-	-	-	-	-
τὰ	ὁ	15	l	-	p	-	-	-	n	a	-
δημιοπληθῆ	δημιοπληθής	16	a	-	p	-	-	-	n	a	-
Μοῖρ'	μοῖρα	17	n	-	s	-	-	-	f	n	-
ἀλαπάξει	ἀλαπάζω	18	v	3	s	f	i	a	-	-	-
πρὸς	πρός	19	r	-	-	-	-	-	-	-	-
τὸ	ὁ	20	l	-	s	-	-	-	n	a	-
βίαιον	βίαιος	21	a	-	s	-	-	-	n	a	-
·	·	22	u	-	-	-	-	-	-	-	-

οἶον	οἶος	1	a	-	s	-	-	-	n	a	-
μή	μή	2	c	-	-	-	-	-	-	-	-
τις	τις	3	p	-	s	-	-	-	m	n	-
ἄγα	ἄγη	4	n	-	s	-	-	-	f	n	-
θεόθεν	θεόθεν	5	d	-	-	-	-	-	-	-	-
κνεφάσῃ	κνεφάζω	6	v	3	s	a	s	a	-	-	-
προτυπὲν	προτύπτω	7	v	-	s	a	p	p	n	a	-
στόμιον	στόμιον	8	n	-	s	-	-	-	n	a	-
μέγα	μέγας	9	a	-	s	-	-	-	n	a	-
Τροίας	τροία	10	n	-	p	-	-	-	f	a	-
στρατωθέν	στρατόω	11	v	-	s	a	p	p	n	a	-
.	.	12	u	-	-	-	-	-	-	-	-

οἴκτῳ	οἶκτος	1	n	-	s	-	-	-	m	d	-
γὰρ	γάρ	2	d	-	-	-	-	-	-	-	-
ἐπίφθονος	ἐπίφθονος	3	a	-	s	-	-	-	f	n	-
Ἄρτεμις	Ἄρτεμις	4	n	-	s	-	-	-	f	n	-
ἁγνὰ	ἁγνός	5	a	-	s	-	-	-	f	n	-
πτανοῖσιν	πτηνός	6	a	-	p	-	-	-	m	d	-
κυσὶ	κύων	7	n	-	p	-	-	-	m	d	-
πατρὸς	πατήρ	8	n	-	s	-	-	-	m	g	-
αὐτότοκον	αὐτότοκος	9	a	-	s	-	-	-	f	a	-
πρὸ	πρό	10	r	-	-	-	-	-	-	-	-
λόχου	λόχος	11	n	-	s	-	-	-	m	g	-
μογερὰν	μογερός	12	a	-	s	-	-	-	f	a	-
πτάκα	πτάξ	13	n	-	s	-	-	-	f	a	-
θυομένοισιν	θύω	14	v	-	p	p	p	e	m	d	-
στυγεῖ	στυγέω	15	v	3	s	p	i	a	-	-	-
δὲ	δέ	16	d	-	-	-	-	-	-	-	-
δεῖπνον	δεῖπνος	17	n	-	s	-	-	-	m	a	-
αἰετῶν	ἀετός	18	n	-	p	-	-	-	m	g	-
.	.	19	u	-	-	-	-	-	-	-	-
"	"	20	u	-	-	-	-	-	-	-	-

"	"	1	u	-	-	-	-	-	-	-	-
τόσον	τόσος	2	p	-	s	-	-	-	n	a	-
περ	πέρ	3	d	-	-	-	-	-	-	-	-
εὔφρων	εὔφρων	4	a	-	s	-	-	-	f	n	-
,	,	5	u	-	-	-	-	-	-	-	-
καλά	καλός	6	a	-	s	-	-	-	f	v	-
,	,	7	u	-	-	-	-	-	-	-	-
δρόσοισι	δρόσος	8	n	-	p	-	-	-	m	d	-
λεπτοῖς	λεπτός	9	a	-	p	-	-	-	m	d	-
μαλερῶν	μαλερός	10	a	-	p	-	-	-	m	g	-
λεόντων	λέων	11	n	-	p	-	-	-	m	g	-
πάντων	πᾶς	12	p	-	p	-	-	-	m	g	-
τ'	τε	13	c	-	-	-	-	-	-	-	-
ἀγρονόμων	ἀγρονόμος	14	a	-	p	-	-	-	m	g	-
φιλομάστοις	φιλόμαστος	15	a	-	p	-	-	-	n	d	-
θηρῶν	θήρ	16	n	-	p	-	-	-	m	g	-
ὀβρικάλοισι	ὀβρίκαλα	17	n	-	p	-	-	-	n	d	-
τερπνά	τερπνός	18	a	-	s	-	-	-	f	n	-
,	,	19	u	-	-	-	-	-	-	-	-
τούτων	οὗτος	20	p	-	p	-	-	-	n	g	-
αἴνει	αἰνέω	21	v	2	s	p	m	a	-	-	-
ξύμβολα	σύμβολον	22	n	-	p	-	-	-	n	a	-
κρᾶναι	κραίνω	23	v	-	-	a	n	a	-	-	-
,	,	24	u	-	-	-	-	-	-	-	-
δεξιὰ	δεξιός	25	a	-	p	-	-	-	n	a	-
μέν	μέν	26	d	-	-	-	-	-	-	-	-
,	,	27	u	-	-	-	-	-	-	-	-
κατάμομφα	κατάμομφος	28	a	-	p	-	-	-	n	a	-
δὲ	δέ	29	d	-	-	-	-	-	-	-	-
φάσματα	φάσμα	30	n	-	p	-	-	-	n	a	-
[στρουθῶν]	[στρουθῶν]	31	n	-	p	-	-	-	m	g	-
.	.	32	u	-	-	-	-	-	-	-	-

ἰήιον	ἰήιος	1	a	-	s	-	-	-	m	a	-
δὲ	δέ	2	d	-	-	-	-	-	-	-	-
καλέω	καλέω	3	v	1	s	p	i	a	-	-	-
Παιᾶνα	Παιάν	4	n	-	s	-	-	-	m	a	-
,	,	5	u	-	-	-	-	-	-	-	-
μή	μή	6	c	-	-	-	-	-	-	-	-
τινας	τις	7	p	-	p	-	-	-	f	a	-
ἀντιπνόους	ἀντίπνοος	8	a	-	p	-	-	-	f	a	-
Δαναοῖς	Δαναός	9	n	-	p	-	-	-	m	d	-
χρονίας	χρόνιος	10	a	-	p	-	-	-	f	a	-
ἐχενῇδας	ἐχενηίς	11	n	-	p	-	-	-	f	a	-
ἀπλοίας	ἄπλοια	12	n	-	s	-	-	-	f	n	-
τεύξῃ	τεύχω	13	v	2	s	a	s	m	-	-	-
,	,	14	u	-	-	-	-	-	-	-	-
σπευδομένα	σπεύδω	15	v	-	s	p	p	e	f	n	-
θυσίαν	θυσία	16	n	-	s	-	-	-	f	a	-
ἑτέραν	ἕτερος	17	a	-	s	-	-	-	f	a	-
ἄνομόν	ἄνομος	18	a	-	s	-	-	-	f	a	-
τιν'	τις	19	p	-	s	-	-	-	f	a	-
,	,	20	u	-	-	-	-	-	-	-	-
ἄδαιτον	ἄδαιτος	21	a	-	s	-	-	-	f	a	-
νεικέων	νεῖκος	22	n	-	p	-	-	-	n	g	-
τέκτονα	τέκτων	23	n	-	s	-	-	-	m	a	-
σύμφυτον	σύμφυτος	24	a	-	s	-	-	-	m	a	-
,	,	25	u	-	-	-	-	-	-	-	-
οὐ	οὐ	26	d	-	-	-	-	-	-	-	-
δεισήνορα	δεισήνωρ	27	n	-	s	-	-	-	f	a	-
.	.	28	u	-	-	-	-	-	-	-	-

μίμνει	μίμνω	1	v	3	s	p	i	a	-	-	-
γὰρ	γάρ	2	d	-	-	-	-	-	-	-	-
φοβερὰ	φοβερός	3	a	-	s	-	-	-	f	n	-
παλίνορτος	παλίνορτος	4	a	-	s	-	-	-	f	n	-
οἰκονόμος	οἰκονόμος	5	n	-	s	-	-	-	m	n	-
δολία	δολία	6	n	-	s	-	-	-	f	n	-
μνάμων	μνήμων	7	a	-	s	-	-	-	f	n	-
μῆνις	μῆνις	8	n	-	s	-	-	-	f	n	-
τεκνόποινος	τεκνόποινος	9	a	-	s	-	-	-	f	n	-
.	.	10	u	-	-	-	-	-	-	-	-
"	"	11	u	-	-	-	-	-	-	-	-

τοιάδε	τοιόσδε	1	p	-	p	-	-	-	n	a	-
Κάλχας	Κάλχας	2	n	-	s	-	-	-	m	n	-
ξὺν	σύν	3	r	-	-	-	-	-	-	-	-
μεγάλοις	μέγας	4	a	-	p	-	-	-	n	d	-
ἀγαθοῖς	ἀγαθός	5	a	-	p	-	-	-	n	d	-
ἀπέκλαγξεν	ἀποκλάζω	6	v	3	s	a	i	a	-	-	-
μόρσιμ'	μόρσιμος	7	a	-	p	-	-	-	n	a	-
ἀπ'	ἀπό	8	r	-	-	-	-	-	-	-	-
ὀρνίθων	ὄρνις	9	n	-	p	-	-	-	m	g	-
ὁδίων	ὅδιος	10	a	-	p	-	-	-	m	g	-
οἴκοις	οἶκος	11	n	-	p	-	-	-	m	d	-
βασιλείοις	βασίλειος	12	a	-	p	-	-	-	m	d	-
·	·	13	u	-	-	-	-	-	-	-	-

τοῖς	ὁ	1	p	-	p	-	-	-	n	d	-
δ'	δέ	2	d	-	-	-	-	-	-	-	-
ὁμόφωνον	ὁμόφωνος	3	a	-	s	-	-	-	n	a	-
αἴλινον	αἴλινον	4	n	-	s	-	-	-	n	a	-
αἴλινον	αἴλινον	5	n	-	s	-	-	-	n	a	-
εἰπέ	εἶπον	6	v	2	s	a	m	a	-	-	-
,	,	7	u	-	-	-	-	-	-	-	-
τὸ	ὁ	8	l	-	s	-	-	-	n	n	-
δ'	δέ	9	d	-	-	-	-	-	-	-	-
εὖ	ἐύς	10	a	-	s	-	-	-	n	n	-
νικάτω	νικάω	11	v	3	s	p	m	a	-	-	-
.	.	12	u	-	-	-	-	-	-	-	-

Ζεύς	Ζεύς	1	n	-	s	-	-	-	m	n	-
,	,	2	u	-	-	-	-	-	-	-	-
ὅστις	ὅστις	3	p	-	s	-	-	-	m	n	-
ποτ'	ποτέ	4	d	-	-	-	-	-	-	-	-
ἐστίν	εἰμί	5	v	3	s	p	i	a	-	-	-
,	,	6	u	-	-	-	-	-	-	-	-
εἰ	εἰ	7	c	-	-	-	-	-	-	-	-
τόδ'	ὅδε	8	p	-	s	-	-	-	n	n	-
αὐτῷ	αὐτός	9	p	-	s	-	-	-	m	d	-
φίλον	φίλος	10	a	-	s	-	-	-	n	n	-
κεκλημένῳ	καλέω	11	v	-	s	r	p	e	m	d	-
,	,	12	u	-	-	-	-	-	-	-	-
τοῦτό	οὗτος	13	p	-	s	-	-	-	n	a	-
νιν	νιν	14	p	-	s	-	-	-	m	a	-
προσεννέπω	προσεννέπω	15	v	1	s	p	i	a	-	-	-
.	.	16	u	-	-	-	-	-	-	-	-

οὐκ	οὐ	1	d	-	-	-	-	-	-	-	-
ἔχω	ἔχω	2	v	1	s	p	i	a	-	-	-
προσεικάσαι	προσεικάζω	3	v	-	-	a	n	a	-	-	-
πάντ'	πᾶς	4	p	-	p	-	-	-	n	a	-
ἐπισταθμώμενος	ἐπισταθμάομαι	5	v	-	s	p	p	e	m	n	-
πλὴν	πλήν	6	r	-	-	-	-	-	-	-	-
Διός	Ζεύς	7	n	-	s	-	-	-	m	g	-
,	,	8	u	-	-	-	-	-	-	-	-
εἰ	εἰ	9	c	-	-	-	-	-	-	-	-
τὸ	ὁ	10	l	-	s	-	-	-	n	a	-
μάταν	μάτην	11	d	-	-	-	-	-	-	-	-
ἀπὸ	ἀπό	12	r	-	-	-	-	-	-	-	-
φροντίδος	φροντίς	13	n	-	s	-	-	-	f	g	-
ἄχθος	ἄχθος	14	n	-	s	-	-	-	n	a	-
χρὴ	χρή	15	v	3	s	p	i	a	-	-	-
βαλεῖν	βάλλω	16	v	-	-	a	n	a	-	-	-
ἐτητύμως	ἐτήτυμος	17	d	-	-	-	-	-	-	-	-
.	.	18	u	-	-	-	-	-	-	-	-

οὐ	οὐδέ	1	c	-	-	-	-	-	-	-	-
δ'	οὐδέ	2	c	-	-	-	-	-	-	-	-
ὅστις	ὅστις	3	p	-	s	-	-	-	m	n	-
πάροιθεν	πάροιθε	4	d	-	-	-	-	-	-	-	-
ἦν	εἰμί	5	v	3	s	i	i	a	-	-	-
μέγας	μέγας	6	a	-	s	-	-	-	m	n	-
,	,	7	u	-	-	-	-	-	-	-	-
παμμάχῳ	πάμμαχος	8	a	-	s	-	-	-	n	d	-
θράσει	θράσος	9	n	-	s	-	-	-	n	d	-
βρύων	βρύω	10	v	-	s	p	p	a	m	n	-
,	,	11	u	-	-	-	-	-	-	-	-
οὐ	οὐδέ	12	c	-	-	-	-	-	-	-	-
δὲ	οὐδέ	13	c	-	-	-	-	-	-	-	-
λέξεται	λέγω	14	v	3	s	f	i	m	-	-	-
πρὶν	πρίν	15	d	-	-	-	-	-	-	-	-
ὤν	εἰμί	16	v	-	s	p	p	a	m	n	-
·	·	17	u	-	-	-	-	-	-	-	-

ὃς	ὅς	1	p	-	s	-	-	-	m	n	-
δ'	δέ	2	d	-	-	-	-	-	-	-	-
ἔπειτ'	ἔπειτα	3	d	-	-	-	-	-	-	-	-
ἔφυ	φύω	4	v	3	s	a	i	a	-	-	-
,	,	5	u	-	-	-	-	-	-	-	-
τριακτῆρος	τριακτήρ	6	n	-	s	-	-	-	m	g	-
οἴχεται	οἴχομαι	7	v	3	s	p	i	e	-	-	-
τυχών	τυγχάνω	8	v	-	s	a	p	a	m	n	-
.	.	9	u	-	-	-	-	-	-	-	-

Ζῆνα	Ζεύς	1	a	-	p	-	-	-	n	a	-
δέ	δέ	2	d	-	-	-	-	-	-	-	-
τις	τις	3	p	-	s	-	-	-	m	n	-
προφρόνως	πρόφρων	4	d	-	-	-	-	-	-	-	-
ἐπινίκια	ἐπινίκιος	5	a	-	p	-	-	-	n	a	-
κλάζων	κλάζω	6	v	-	s	p	p	a	m	n	-
τεύξεται	τυγχάνω	7	v	3	s	f	i	m	-	-	-
φρενῶν	φρήν	8	n	-	p	-	-	-	f	g	-
τὸ	ὁ	9	l	-	s	-	-	-	n	a	-
πᾶν	πᾶς	10	p	-	s	-	-	-	n	a	-
·	·	11	u	-	-	-	-	-	-	-	-

τὸν	ὁ	1	l	-	s	-	-	-	m	a	-
φρονεῖν	φρονέω	2	v	-	-	p	n	a	-	-	-
βροτοὺς	βροτός	3	n	-	p	-	-	-	m	a	-
ὁδώσαντα	ὁδόω	4	v	-	s	a	p	a	m	a	-
,	,	5	u	-	-	-	-	-	-	-	-
τὸν	ὁ	6	l	-	s	-	-	-	m	a	-
πάθει	πάθος	7	n	-	s	-	-	-	n	d	-
μάθος	μάθος	8	n	-	s	-	-	-	n	a	-
θέντα	τίθημι	9	v	-	s	a	p	a	m	a	-
κυρίως	κυρίως	10	d	-	-	-	-	-	-	-	-
ἔχειν	ἔχω	11	v	-	-	p	n	a	-	-	-
.	.	12	u	-	-	-	-	-	-	-	-

στάζει	στάζω	1	v	3	s	p	i	a	-	-	-
δ'	δέ	2	d	-	-	-	-	-	-	-	-
ἔν	ἐν	3	r	-	-	-	-	-	-	-	-
θ'	τε	4	c	-	-	-	-	-	-	-	-
ὕπνῳ	ὕπνος	5	n	-	s	-	-	-	m	d	-
πρὸ	πρό	6	r	-	-	-	-	-	-	-	-
καρδίας	καρδία	7	n	-	s	-	-	-	f	g	-
μνησιπήμων	μνησιπήμων	8	a	-	s	-	-	-	m	n	-
πόνος	πόνος	9	n	-	s	-	-	-	m	n	-
·	·	10	u	-	-	-	-	-	-	-	-

καὶ	καί	1	c	-	-	-	-	-	-	-	-
παρ'	παρά	2	r	-	-	-	-	-	-	-	-
ἄκοντας	ἄκων	3	a	-	p	-	-	-	m	a	-
ἦλθε	ἔρχομαι	4	v	3	s	a	i	a	-	-	-
σωφρονεῖν	σωφρονέω	5	v	-	-	p	n	a	-	-	-
.	.	6	u	-	-	-	-	-	-	-	-

δαιμόνων	δαίμων	1	n	-	p	-	-	-	m	g	-
δέ	δέ	2	d	-	-	-	-	-	-	-	-
που	πού	3	d	-	-	-	-	-	-	-	-
χάρις	χάρις	4	n	-	s	-	-	-	f	n	-
βίαιος	βίαιος	5	a	-	s	-	-	-	f	n	-
σέλμα	σέλμα	6	n	-	s	-	-	-	n	a	-
σεμνὸν	σεμνός	7	a	-	s	-	-	-	n	a	-
ἡμένων	ἧμαι	8	v	-	p	r	p	e	m	g	-
.	.	9	u	-	-	-	-	-	-	-	-

καὶ	καί	1	c	-	-	-	-	-	-	-	-
τόθ'	τόθι	2	d	-	-	-	-	-	-	-	-
ἡγεμὼν	ἡγεμών	3	n	-	s	-	-	-	m	n	-
ὁ	ὁ	4	l	-	s	-	-	-	m	n	-
πρέσβυς	βρεσβύς	5	a	-	s	-	-	-	m	n	-
νεῶν	ναῦς	6	n	-	p	-	-	-	f	g	-
Ἀχαιικῶν	Ἀχαιικός	7	a	-	p	-	-	-	f	g	-
,	,	8	u	-	-	-	-	-	-	-	-
μάντιν	μάντις	9	n	-	s	-	-	-	m	a	-
οὔτινα	οὔτις	10	a	-	s	-	-	-	m	a	-
ψέγων	ψέγω	11	v	-	s	p	p	a	m	n	-
,	,	12	u	-	-	-	-	-	-	-	-
ἐμπαίοις	ἔμπαιος	13	a	-	p	-	-	-	f	d	-
τύχαισι	τύχη	14	n	-	p	-	-	-	f	d	-
συμπνέων	συμπνέω	15	v	-	s	p	p	a	m	n	-
,	,	16	u	-	-	-	-	-	-	-	-
εὖτ'	εὖτε	17	c	-	-	-	-	-	-	-	-
ἀπλοίᾳ	ἄπλοια	18	n	-	s	-	-	-	f	d	-
κεναγγεῖ	κεναγγής	19	a	-	s	-	-	-	f	d	-
βαρύνοντ'	βαρύνω	20	v	3	p	i	i	e	-	-	-
Ἀχαιικὸς	Ἀχαιικός	21	a	-	s	-	-	-	m	n	-
λεώς	λαός	22	n	-	s	-	-	-	m	n	-
,	,	23	u	-	-	-	-	-	-	-	-
Χαλκίδος	χαλκίς	24	n	-	s	-	-	-	f	g	-
πέραν	πέρα	25	n	-	s	-	-	-	f	a	-
ἔχων	ἔχω	26	v	-	s	p	p	a	m	n	-
παλιρρόχθοις	παλίρροχθος	27	a	-	p	-	-	-	m	d	-
ἐν	ἐν	28	r	-	-	-	-	-	-	-	-
Αὐλίδος	αὐλίς	29	n	-	s	-	-	-	f	g	-
τόποις	τόπος	30	n	-	p	-	-	-	m	d	-
·	·	31	u	-	-	-	-	-	-	-	-

πνοαὶ	πνοή	1	n	-	p	-	-	-	f	n	-
δ'	δέ	2	d	-	-	-	-	-	-	-	-
ἀπὸ	ἀπό	3	r	-	-	-	-	-	-	-	-
Στρυμόνος	Στρυμών	4	n	-	s	-	-	-	m	g	-
μολοῦσαι	βλώσκω	5	v	-	p	a	p	a	f	n	-
κακόσχολοι	κακόσχολος	6	a	-	p	-	-	-	f	n	-
νήστιδες	νῆστις	7	n	-	p	-	-	-	f	n	-
δύσορμοι	δύσορμος	8	a	-	p	-	-	-	f	n	-
,	,	9	u	-	-	-	-	-	-	-	-
βροτῶν	βροτός	10	n	-	p	-	-	-	m	g	-
ἄλαι	ἄλη	11	n	-	p	-	-	-	f	n	-
,	,	12	u	-	-	-	-	-	-	-	-
ναῶν	ναῦς	13	n	-	p	-	-	-	f	g	-
τε	τε	14	c	-	-	-	-	-	-	-	-
καὶ	καί	15	c	-	-	-	-	-	-	-	-
πεισμάτων	πεῖσμα	16	n	-	p	-	-	-	n	g	-
ἀφειδεῖς	ἀφειδής	17	a	-	p	-	-	-	f	n	-
,	,	18	u	-	-	-	-	-	-	-	-
παλιμμήκη	παλιμμήκης	19	a	-	s	-	-	-	m	a	-
χρόνον	χρόνος	20	n	-	s	-	-	-	m	a	-
τιθεῖσαι	τίθημι	21	v	-	p	p	p	a	f	n	-
τρίβῳ	τρίβος	22	n	-	s	-	-	-	m	d	-
κατέξαινον	καταξαίνω	23	v	3	p	i	i	a	-	-	-
ἄνθος	ἄνθος	24	n	-	s	-	-	-	n	a	-
Ἀργείων	Ἀργεῖος	25	a	-	p	-	-	-	m	g	-
·	·	26	u	-	-	-	-	-	-	-	-

ἐπεὶ	ἐπεί	1	c	-	-	-	-	-	-	-	-
δὲ	δέ	2	d	-	-	-	-	-	-	-	-
καὶ	καί	3	c	-	-	-	-	-	-	-	-
πικροῦ	πικρός	4	a	-	s	-	-	-	n	g	-
χείματος	χεῖμα	5	n	-	s	-	-	-	n	g	-
ἄλλο	ἄλλος	6	p	-	s	-	-	-	n	a	-
μῆχαρ	μῆχαρ	7	n	-	s	-	-	-	n	a	-
βριθύτερον	βριθύς	8	a	-	s	-	-	-	n	a	-
πρόμοισιν	πρόμος	9	n	-	p	-	-	-	m	d	-
μάντις	μάντις	10	n	-	s	-	-	-	m	n	-
ἔκλαγξεν	κλάζω	11	v	3	s	a	i	a	-	-	-
προφέρων	προφέρω	12	v	-	s	p	p	a	m	n	-
Ἄρτεμιν	Ἄρτεμις	13	n	-	s	-	-	-	f	a	-
,	,	14	u	-	-	-	-	-	-	-	-
ὥστε	ὥστε	15	c	-	-	-	-	-	-	-	-
χθόνα	χθών	16	n	-	s	-	-	-	f	a	-
βάκτροις	βάκτρον	17	n	-	p	-	-	-	n	d	-
ἐπικρούσαντας	ἐπικρούω	18	v	-	p	a	p	a	m	a	-
Ἀτρείδας	Ἀτρείδης	19	n	-	p	-	-	-	m	a	-
δάκρυ	δάκρυον	20	n	-	s	-	-	-	n	a	-
μὴ	μή	21	c	-	-	-	-	-	-	-	-
κατασχεῖν	κατέχω	22	v	-	-	a	n	a	-	-	-
·	·	23	u	-	-	-	-	-	-	-	-

ἄναξ	ἄναξ	1	n	-	s	-	-	-	m	n	-
δ'	δέ	2	d	-	-	-	-	-	-	-	-
ὁ	ὁ	3	l	-	s	-	-	-	m	n	-
πρέσβυς	πρέσβυς	4	a	-	s	-	-	-	m	n	-
τότ'	τότε	5	d	-	-	-	-	-	-	-	-
εἶπε	εἶπον	6	v	3	s	a	i	a	-	-	-
φωνῶν	φωνέω	7	v	-	s	p	p	a	m	n	-
·	·	8	u	-	-	-	-	-	-	-	-

"	"	1	u	-	-	-	-	-	-	-	-
βαρεῖα	βαρύς	2	a	-	s	-	-	-	f	n	-
μὲν	μέν	3	d	-	-	-	-	-	-	-	-
κὴρ	κήρ	4	n	-	s	-	-	-	f	n	-
τὸ	ὁ	5	l	-	s	-	-	-	n	n	-
μὴ	μή	6	c	-	-	-	-	-	-	-	-
πιθέσθαι	πείθω	7	v	-	-	a	n	m	-	-	-
,	,	8	u	-	-	-	-	-	-	-	-
βαρεῖα	βαρύς	9	a	-	s	-	-	-	f	n	-
δ'	δέ	10	d	-	-	-	-	-	-	-	-
,	,	11	u	-	-	-	-	-	-	-	-
εἰ	εἰ	12	c	-	-	-	-	-	-	-	-
τέκνον	τέκνον	13	n	-	s	-	-	-	n	v	-
δαΐξω	δαίζω	14	v	1	s	f	i	a	-	-	-
,	,	15	u	-	-	-	-	-	-	-	-
δόμων	δόμος	16	n	-	p	-	-	-	m	g	-
ἄγαλμα	ἄγαλμα	17	n	-	s	-	-	-	n	a	-
,	,	18	u	-	-	-	-	-	-	-	-
μιαίνων	μιαίνω	19	v	-	s	p	p	a	m	n	-
παρθενοσφάγοισιν	παρθενόσφαγος	20	a	-	p	-	-	-	n	d	-
ῥείθροις	ῥεῖθρον	21	n	-	p	-	-	-	n	d	-
πατρῴους	πατρῷος	22	a	-	p	-	-	-	f	a	-
χέρας	χείρ	23	n	-	p	-	-	-	f	a	-
πέλας	πέλας	24	r	-	-	-	-	-	-	-	-
βωμοῦ	βωμός	25	n	-	s	-	-	-	m	g	-
·	·	26	u	-	-	-	-	-	-	-	-

τί	τίς	1	p	-	s	-	-	-	n	n	-
τῶνδ'	ὅδε	2	p	-	p	-	-	-	n	g	-
ἄνευ	ἄνευ	3	r	-	-	-	-	-	-	-	-
κακῶν	κακός	4	a	-	p	-	-	-	n	g	-
,	,	5	u	-	-	-	-	-	-	-	-
πῶς	πῶς	6	d	-	-	-	-	-	-	-	-
λιπόναυς	λιπόναυς	7	n	-	s	-	-	-	m	n	-
γένωμαι	γίγνομαι	8	v	1	s	a	s	-	-	-	-
ξυμμαχίας	συμμαχία	9	n	-	p	-	-	-	f	a	-
ἁμαρτών	ἁμαρτάνω	10	v	-	s	a	p	a	m	n	-
;	;	11	u	-	-	-	-	-	-	-	-

παυσανέμου	παυσάνεμος	1	a	-	s	-	-	-	f	g	-
γὰρ	γάρ	2	d	-	-	-	-	-	-	-	-
θυσίας	θυσία	3	n	-	s	-	-	-	f	g	-
παρθενίου	παρθένιος	4	a	-	s	-	-	-	n	g	-
θ'	τε	5	c	-	-	-	-	-	-	-	-
αἵματος	αἷμα	6	n	-	s	-	-	-	n	g	-
ὀργᾷ	ὀργή	7	n	-	s	-	-	-	f	d	-
περιόργως	περιόργως	8	d	-	-	-	-	-	-	-	-
ἐπιθυμεῖν	ἐπιθυμέω	9	v	-	-	p	n	a	-	-	-
θέμις	θέμις	10	n	-	s	-	-	-	f	n	-
.	.	11	u	-	-	-	-	-	-	-	-

εὖ	εὖ	1	d	-	-	-	-	-	-	-	-
γὰρ	γάρ	2	d	-	-	-	-	-	-	-	-
εἴη	εἰμί	3	v	3	s	p	o	a	-	-	-
.	.	4	u	-	-	-	-	-	-	-	-
"	"	5	u	-	-	-	-	-	-	-	-

ἐπεὶ	ἐπεί	1	c	-	-	-	-	-	-	-	-
δ'	δέ	2	d	-	-	-	-	-	-	-	-
ἀνάγκας	ἀνάγκη	3	n	-	s	-	-	-	f	g	-
ἔδυ	δύω	4	v	3	s	a	i	a	-	-	-
λέπαδνον	λέπαδνον	5	n	-	s	-	-	-	n	a	-
φρενὸς	φρήν	6	n	-	s	-	-	-	f	g	-
πνέων	πνέω	7	v	-	s	p	p	a	m	n	-
δυσσεβῆ	δυσσεβής	8	a	-	s	-	-	-	f	a	-
τροπαίαν	τροπαῖος	9	a	-	s	-	-	-	f	a	-
ἄναγνον	ἄναγνος	10	a	-	s	-	-	-	f	a	-
ἀνίερον	ἀνίερος	11	a	-	s	-	-	-	m	a	-
,	,	12	u	-	-	-	-	-	-	-	-
τόθεν	τόθεν	13	d	-	-	-	-	-	-	-	-
τὸ	ὁ	14	l	-	s	-	-	-	n	a	-
παντότολμον	παντότολμος	15	a	-	s	-	-	-	n	a	-
φρονεῖν	φρονέω	16	v	-	-	p	n	a	-	-	-
μετέγνω	μεταγιγνώσκω	17	v	3	s	a	i	a	-	-	-
.	.	18	u	-	-	-	-	-	-	-	-

βροτοὺς	βροτός	1	n	-	p	-	-	-	m	a	-
θρασύνει	θρασύνω	2	v	3	s	p	i	a	-	-	-
γὰρ	γάρ	3	d	-	-	-	-	-	-	-	-
αἰσχρόμητις	αἰσχρόμητις	4	a	-	s	-	-	-	f	n	-
τάλαινα	τάλας	5	a	-	s	-	-	-	f	n	-
παρακοπὰ	παρακοπή	6	n	-	s	-	-	-	f	n	-
πρωτοπήμων	πρωτοπήμων	7	a	-	s	-	-	-	f	n	-
.	.	8	u	-	-	-	-	-	-	-	-

ἔτλα	τλάω	1	v	3	s	a	i	a	-	-	-
δ'	δέ	2	d	-	-	-	-	-	-	-	-
οὖν	οὖν	3	d	-	-	-	-	-	-	-	-
θυτὴρ	θυτήρ	4	n	-	s	-	-	-	m	n	-
γενέσθαι	γίγνομαι	5	v	-	-	a	n	m	-	-	-
θυγατρός	θυγάτηρ	6	n	-	s	-	-	-	f	g	-
,	,	7	u	-	-	-	-	-	-	-	-
γυναικοποίνων	γυναικόποινος	8	a	-	p	-	-	-	m	g	-
πολέμων	πόλεμος	9	n	-	p	-	-	-	m	g	-
ἀρωγὰν	ἀρωγή	10	n	-	s	-	-	-	f	a	-
καὶ	καί	11	c	-	-	-	-	-	-	-	-
προτέλεια	προτέλειος	12	a	-	p	-	-	-	n	a	-
ναῶν	ναῦς	13	n	-	p	-	-	-	f	g	-
.	.	14	u	-	-	-	-	-	-	-	-

λιτὰς	λιτή	1	n	-	p	-	-	-	f	a	-
δὲ	δέ	2	d	-	-	-	-	-	-	-	-
καὶ	καί	3	c	-	-	-	-	-	-	-	-
κληδόνας	κληδών	4	n	-	p	-	-	-	f	a	-
πατρῴους	πατρῷος	5	a	-	p	-	-	-	f	a	-
παρ'	παρά	6	r	-	-	-	-	-	-	-	-
οὐδὲν	οὐδείς	7	p	-	s	-	-	-	n	a	-
αἰῶ	αἰών	8	n	-	s	-	-	-	m	a	-
τε	τε	9	c	-	-	-	-	-	-	-	-
παρθένειον	παρθένειος	10	a	-	s	-	-	-	m	a	-
ἔθεντο	τίθημι	11	v	3	p	a	i	m	-	-	-
φιλόμαχοι	φιλόμαχος	12	a	-	p	-	-	-	m	n	-
βραβῆς	βραβεύς	13	n	-	p	-	-	-	m	n	-
.	.	14	u	-	-	-	-	-	-	-	-

φράσεν	φράζω	1	v	3	s	a	i	a	-	-	-
δ'	δέ	2	d	-	-	-	-	-	-	-	-
ἀόζοις	ἄοζος	3	n	-	p	-	-	-	m	d	-
πατὴρ	πατήρ	4	n	-	s	-	-	-	m	n	-
μετ'	μετά	5	r	-	-	-	-	-	-	-	-
εὐχὰν	εὐχή	6	n	-	s	-	-	-	f	a	-
δίκαν	δίκη	7	n	-	s	-	-	-	f	a	-
χιμαίρας	χίμαιρα	8	n	-	s	-	-	-	f	g	-
ὕπερθε	ὕπερθεν	9	r	-	-	-	-	-	-	-	-
βωμοῦ	βωμός	10	n	-	s	-	-	-	m	g	-
πέπλοισι	πέπλος	11	n	-	p	-	-	-	m	d	-
περιπετῆ	περιπετής	12	a	-	s	-	-	-	f	a	-
παντὶ	πᾶς	13	p	-	s	-	-	-	m	d	-
θυμῷ	θυμός	14	n	-	s	-	-	-	m	d	-
προνωπῆ	προνωπής	15	a	-	s	-	-	-	f	a	-
λαβεῖν	λαμβάνω	16	v	-	-	a	n	a	-	-	-
ἀέρδην	ἀέρδην	17	d	-	-	-	-	-	-	-	-
,	,	18	u	-	-	-	-	-	-	-	-
στόματός	στόμα	19	n	-	s	-	-	-	n	g	-
τε	τε	20	c	-	-	-	-	-	-	-	-
καλλιπρῴρου	καλλίπρῳρος	21	a	-	s	-	-	-	n	g	-
φυλακᾷ	φυλακή	22	n	-	s	-	-	-	f	d	-
κατασχεῖν	κατέχω	23	v	-	-	a	n	a	-	-	-
φθόγγον	φθόγγος	24	n	-	s	-	-	-	m	a	-
ἀραῖον	ἀραῖος	25	a	-	s	-	-	-	m	a	-
οἴκοις	οἶκος	26	n	-	p	-	-	-	m	d	-
,	,	27	u	-	-	-	-	-	-	-	-

βίᾳ	βία	1	n	-	s	-	-	-	f	d	-
χαλινῶν	χαλινός	2	n	-	p	-	-	-	m	g	-
τ'	τε	3	c	-	-	-	-	-	-	-	-
ἀναύδῳ	ἄναυδος	4	a	-	s	-	-	-	n	d	-
μένει	μένος	5	n	-	s	-	-	-	n	d	-
.	.	6	u	-	-	-	-	-	-	-	-

κρόκου	κρόκος	1	n	-	s	-	-	-	m	g	-
βαφὰς	βαφή	2	n	-	p	-	-	-	f	a	-
δ'	δέ	3	d	-	-	-	-	-	-	-	-
ἐς	εἰς	4	r	-	-	-	-	-	-	-	-
πέδον	πέδον	5	n	-	s	-	-	-	n	a	-
χέουσα	χέω	6	v	-	s	p	p	a	f	n	-
ἔβαλλ'	βάλλω	7	v	3	s	i	i	a	-	-	-
ἕκαστον	ἕκαστος	8	p	-	s	-	-	-	m	a	-
θυτήρων	θυτήρ	9	n	-	p	-	-	-	m	g	-
ἀπ'	ἀπό	10	r	-	-	-	-	-	-	-	-
ὄμματος	ὄμμα	11	n	-	s	-	-	-	n	g	-
βέλει	βέλος	12	n	-	s	-	-	-	n	d	-
φιλοίκτῳ	φίλοικτος	13	a	-	s	-	-	-	n	d	-
,	,	14	u	-	-	-	-	-	-	-	-
πρέπουσά	πρέπω	15	v	-	s	p	p	a	f	n	-
θ'	τε	16	c	-	-	-	-	-	-	-	-
ὡς	ὡς	17	c	-	-	-	-	-	-	-	-
ἐν	ἐν	18	r	-	-	-	-	-	-	-	-
γραφαῖς	γραφής	19	n	-	p	-	-	-	m	d	-
,	,	20	u	-	-	-	-	-	-	-	-
προσεννέπειν	προσεννέπω	21	v	-	-	p	n	a	-	-	-
θέλουσ'	ἐθέλω	22	v	-	p	p	p	a	f	n	-
,	,	23	u	-	-	-	-	-	-	-	-
ἐπεὶ	ἐπεί	24	c	-	-	-	-	-	-	-	-
πολλάκις	πολλάκις	25	d	-	-	-	-	-	-	-	-
πατρὸς	πατήρ	26	n	-	s	-	-	-	m	g	-
κατ'	κατά	27	r	-	-	-	-	-	-	-	-
ἀνδρῶνας	ἀνδρών	28	n	-	p	-	-	-	m	a	-
εὐτραπέζους	εὐτράπεζος	29	a	-	p	-	-	-	m	a	-
ἔμελψεν	μέλπω	30	v	3	s	a	i	a	-	-	-
,	,	31	u	-	-	-	-	-	-	-	-
ἁγνᾷ	ἁγνός	32	a	-	s	-	-	-	f	d	-
δ'	δέ	33	d	-	-	-	-	-	-	-	-
ἀταύρωτος	ἀταύρωτος	34	a	-	s	-	-	-	f	n	-
αὐδᾷ	αὐδή	35	n	-	s	-	-	-	f	d	-
πατρὸς	πατήρ	36	n	-	s	-	-	-	m	g	-
φίλου	φίλος	37	a	-	s	-	-	-	m	g	-
τριτόσπονδον	τριτόσπονδος	38	a	-	s	-	-	-	m	a	-
εὔποτμον	εὔποτμος	39	a	-	s	-	-	-	m	a	-
παιῶνα	παιάν	40	n	-	s	-	-	-	m	a	-
φίλως	φίλος	41	a	-	p	-	-	-	m	a	-
ἐτίμα	τιμάω	42	v	3	s	i	i	a	-	-	-
-	-	43	u	-	-	-	-	-	-	-	-

τὰ	ὁ	1	p	-	p	-	-	-	n	a	-
δ'	δέ	2	d	-	-	-	-	-	-	-	-
ἔνθεν	ἔνθεν	3	d	-	-	-	-	-	-	-	-
οὔ	οὔτε	4	c	-	-	-	-	-	-	-	-
τ'	οὔτε	5	c	-	-	-	-	-	-	-	-
εἶδον	εἶδον	6	v	1	s	a	i	a	-	-	-
οὔ	οὔτε	7	c	-	-	-	-	-	-	-	-
τ'	οὔτε	8	c	-	-	-	-	-	-	-	-
ἐννέπω	ἐνέπω	9	v	1	s	p	i	a	-	-	-
·	·	10	u	-	-	-	-	-	-	-	-

τέχναι	τέχνη	1	n	-	p	-	-	-	f	n	-
δὲ	δέ	2	d	-	-	-	-	-	-	-	-
Κάλχαντος	Κάλχας	3	n	-	s	-	-	-	m	g	-
οὐκ	οὐ	4	d	-	-	-	-	-	-	-	-
ἄκραντοι	ἄκραντος	5	a	-	p	-	-	-	f	n	-
.	.	6	u	-	-	-	-	-	-	-	-

Δίκα	δίκη	1	n	-	s	-	-	-	f	n	-
δὲ	δέ	2	d	-	-	-	-	-	-	-	-
τοῖς	ὁ	3	l	-	p	-	-	-	m	d	-
μὲν	μέν	4	d	-	-	-	-	-	-	-	-
παθοῦσιν	πάσχω	5	v	-	p	a	p	a	m	d	-
μαθεῖν	μανθάνω	6	v	-	-	a	n	a	-	-	-
ἐπιρρέπει	ἐπιρρέπω	7	v	3	s	p	i	a	-	-	-
·	·	8	u	-	-	-	-	-	-	-	-

τὸ	ὁ	1	l	-	s	-	-	-	n	a	-
μέλλον	μέλλω	2	v	-	s	p	p	a	n	a	-
δ'	δέ	3	d	-	-	-	-	-	-	-	-
,	,	4	u	-	-	-	-	-	-	-	-
ἐπεὶ	ἐπεί	5	c	-	-	-	-	-	-	-	-
γένοιτ'	γίγνομαι	6	v	3	s	a	o	m	-	-	-
,	,	7	u	-	-	-	-	-	-	-	-
ἂν	ἄν1	8	d	-	-	-	-	-	-	-	-
κλύοις	κλύω	9	v	2	s	p	o	a	-	-	-
·	·	10	u	-	-	-	-	-	-	-	-

πρὸ	πρό	1	r	-	-	-	-	-	-	-	-
χαιρέτω	χαίρω	2	v	3	s	p	m	a	-	-	-
·	·	3	u	-	-	-	-	-	-	-	-

ἴσον	ἴσος	1	a	-	s	-	-	-	n	n	-
δὲ	δέ	2	d	-	-	-	-	-	-	-	-
τῷ	ὁ	3	l	-	s	-	-	-	n	d	-
προστένειν	προστένω	4	v	-	-	p	n	a	-	-	-
.	.	5	u	-	-	-	-	-	-	-	-

τορὸν	τορός	1	a	-	s	-	-	-	n	n	-
γὰρ	γάρ	2	d	-	-	-	-	-	-	-	-
ἥξει	ἥκω	3	v	3	s	f	i	a	-	-	-
σύνορθρον	σύνορθρος	4	a	-	s	-	-	-	n	n	-
αὐγαῖς	αὐγή	5	n	-	p	-	-	-	f	d	-
.	.	6	u	-	-	-	-	-	-	-	-

πέλοιτο	πέλω	1	v	3	s	p	o	e	-	-	-
δ'	δέ	2	d	-	-	-	-	-	-	-	-
οὖν	οὖν	3	d	-	-	-	-	-	-	-	-
τἀπὶ	ἐπί	4	r	-	-	-	-	-	-	-	-
τούτοισιν	οὗτος	5	p	-	p	-	-	-	m	d	-
εὖ	εὖ	6	d	-	-	-	-	-	-	-	-
πρᾶξις	πρᾶξις	7	n	-	s	-	-	-	f	n	-
,	,	8	u	-	-	-	-	-	-	-	-
ὡς	ὡς	9	c	-	-	-	-	-	-	-	-
θέλει	ἐθέλω	10	v	3	s	p	i	a	-	-	-
τόδ'	ὅδε	11	p	-	s	-	-	-	n	n	-
ἄγχιστον	ἄγχιστος	12	a	-	s	-	-	-	n	n	-
Ἀπίας	Ἄπιος	13	a	-	s	-	-	-	f	g	-
γαίας	γαῖα	14	n	-	p	-	-	-	f	a	-
μονόφρουρον	μονόφρουρος	15	a	-	s	-	-	-	n	n	-
ἕρκος	ἕρκος	16	n	-	s	-	-	-	n	n	-
.	.	17	u	-	-	-	-	-	-	-	-

ἥκω	ἥκω	1	v	1	s	p	i	a	-	-	-
σεβίζων	σεβίζω	2	v	-	s	p	p	a	m	n	-
σόν	σός	3	p	-	s	-	-	-	n	a	-
,	,	4	u	-	-	-	-	-	-	-	-
Κλυταιμήστρα	Κλυταιμήστρα	5	n	-	s	-	-	-	f	v	-
,	,	6	u	-	-	-	-	-	-	-	-
κράτος	κράτος	7	n	-	s	-	-	-	n	a	-
·	·	8	u	-	-	-	-	-	-	-	-

δίκη	δίκη	1	n	-	s	-	-	-	f	n	-
γάρ	γάρ	2	d	-	-	-	-	-	-	-	-
ἐστι	εἰμί	3	v	3	s	p	i	a	-	-	-
φωτὸς	φώς	4	n	-	s	-	-	-	m	g	-
ἀρχηγοῦ	ἀρχηγός	5	a	-	s	-	-	-	m	g	-
τίειν	τίω	6	v	-	-	p	n	a	-	-	-
γυναῖκ'	γυνή	7	n	-	s	-	-	-	f	a	-
ἐρημωθέντος	ἐρημόω	8	v	-	s	a	p	p	m	g	-
ἄρσενος	ἄρσην	9	n	-	s	-	-	-	-	g	-
θρόνου	θρόνος	10	n	-	s	-	-	-	m	g	-
.	.	11	u	-	-	-	-	-	-	-	-

σὺ	σύ	1	p	-	s	-	-	-	-	n	-
δ'	δέ	2	d	-	-	-	-	-	-	-	-
εἴ	εἰ	3	c	-	-	-	-	-	-	-	-
τι	τις	4	p	-	s	-	-	-	n	a	-
κεδνὸν	κεδνός	5	a	-	s	-	-	-	n	a	-
εἴ	εἴτε	6	c	-	-	-	-	-	-	-	-
τε	εἴτε	7	c	-	-	-	-	-	-	-	-
μὴ	μή	8	c	-	-	-	-	-	-	-	-
πεπυσμένη	πυνθάνομαι	9	v	-	s	r	p	e	f	n	-
εὐαγγέλοισιν	εὐάγγελος	10	a	-	p	-	-	-	f	d	-
ἐλπίσιν	ἐλπίς	11	n	-	p	-	-	-	f	d	-
θυηπολεῖς	θυηπολέω	12	v	2	s	p	i	a	-	-	-
,	,	13	u	-	-	-	-	-	-	-	-
κλύοιμ'	κλύω	14	v	1	s	p	o	a	-	-	-
ἂν	ἄν1	15	d	-	-	-	-	-	-	-	-
εὔφρων	εὔφρων	16	a	-	s	-	-	-	m	n	-
·	·	17	u	-	-	-	-	-	-	-	-

οὐ	οὐδέ	1	c	-	-	-	-	-	-	-	-
δὲ	δέ	2	d	-	-	-	-	-	-	-	-
σιγώσῃ	σιγάω	3	v	-	s	p	p	a	f	d	-
φθόνος	φθόνος	4	n	-	s	-	-	-	m	n	-
.	.	5	u	-	-	-	-	-	-	-	-

εὐάγγελος	εὐάγγελος	1	a	-	s	-	-	-	f	n	-
μέν	μέν	2	d	-	-	-	-	-	-	-	-
,	,	3	u	-	-	-	-	-	-	-	-
ὥσπερ	ὥσπερ	4	c	-	-	-	-	-	-	-	-
ἡ	ὁ	5	l	-	s	-	-	-	f	n	-
παροιμία	παροιμία	6	n	-	s	-	-	-	f	n	-
,	,	7	u	-	-	-	-	-	-	-	-
ἕως	ἠώς	8	n	-	s	-	-	-	f	n	-
γένοιτο	γίγνομαι	9	v	3	s	a	o	m	-	-	-
μητρὸς	μήτηρ	10	n	-	s	-	-	-	f	g	-
εὐφρόνης	εὐφρόνη	11	n	-	s	-	-	-	f	g	-
πάρα	παρά	12	r	-	-	-	-	-	-	-	-
.	.	13	u	-	-	-	-	-	-	-	-

πεύσῃ	πυνθάνομαι	1	v	2	s	f	i	m	-	-	-
δὲ	δέ	2	d	-	-	-	-	-	-	-	-
χάρμα	χάρμα	3	n	-	s	-	-	-	n	a	-
μεῖζον	μέγας	4	a	-	s	-	-	-	n	a	c
ἐλπίδος	ἐλπίς	5	n	-	s	-	-	-	f	g	-
κλύειν	κλύω	6	v	-	-	p	n	a	-	-	-
·	·	7	u	-	-	-	-	-	-	-	-

Πριάμου	Πρίαμος	1	n	-	s	-	-	-	m	g	-
γὰρ	γάρ	2	d	-	-	-	-	-	-	-	-
ᾑρήκασιν	αἱρέω	3	v	3	p	r	i	a	-	-	-
Ἀργεῖοι	Ἀργεῖος	4	a	-	p	-	-	-	m	n	-
πόλιν	πόλις	5	n	-	s	-	-	-	f	a	-
.	.	6	u	-	-	-	-	-	-	-	-

πῶς	πῶς	1	d	-	-	-	-	-	-	-	-
φής	φημί	2	v	2	s	p	i	a	-	-	-
;	;	3	u	-	-	-	-	-	-	-	-

πέφευγε	φεύγω	1	v	3	s	r	i	a	-	-	-
τοὔπος	ἔπος	2	n	-	s	-	-	-	n	n	-
ἐξ	ἐκ	3	r	-	-	-	-	-	-	-	-
ἀπιστίας	ἀπιστία	4	n	-	s	-	-	-	f	g	-
.	.	5	u	-	-	-	-	-	-	-	-

Τροίαν	Τροία	1	n	-	s	-	-	-	f	a	-
Ἀχαιῶν	Ἀχαιός	2	a	-	p	-	-	-	m	g	-
οὖσαν	εἰμί	3	v	-	s	p	p	a	f	a	-
·	·	4	u	-	-	-	-	-	-	-	-

ἦ	ἦ	1	d	-	-	-	-	-	-	-	-
τορῶς	τορός	2	d	-	-	-	-	-	-	-	-
λέγω	λέγω	3	v	1	s	p	i	a	-	-	-
;	;	4	u	-	-	-	-	-	-	-	-

χαρά	χαρά	1	n	-	s	-	-	-	f	n	-
μ'	ἐγώ	2	p	-	s	-	-	-	m	a	-
ὑφέρπει	ὑφέρπω	3	v	3	s	p	i	a	-	-	-
δάκρυον	δάκρυον	4	n	-	s	-	-	-	n	a	-
ἐκκαλουμένη	ἐκκαλέω	5	v	-	s	p	p	e	f	n	-
.	.	6	u	-	-	-	-	-	-	-	-

εὖ	εὖ	1	d	-	-	-	-	-	-	-	-
γὰρ	γάρ	2	d	-	-	-	-	-	-	-	-
φρονοῦντος	φρονέω	3	v	-	s	p	p	a	m	g	-
ὄμμα	ὄμμα	4	n	-	s	-	-	-	n	n	-
σοῦ	σύ	5	p	-	s	-	-	-	-	g	-
κατηγορεῖ	κατηγορέω	6	v	3	s	p	i	a	-	-	-
.	.	7	u	-	-	-	-	-	-	-	-

τί	τίς	1	p	-	s	-	-	-	n	n	-
γὰρ	γάρ	2	d	-	-	-	-	-	-	-	-
τὸ	ὁ	3	l	-	s	-	-	-	n	n	-
πιστόν	πιστός	4	a	-	s	-	-	-	n	n	-
;	;	5	u	-	-	-	-	-	-	-	-

ἔστι	εἰμί	1	v	3	s	p	i	a	-	-	-
τῶνδέ	ὅδε	2	p	-	p	-	-	-	n	g	-
σοι	σύ	3	p	-	s	-	-	-	-	d	-
τέκμαρ	τέκμαρ	4	n	-	s	-	-	-	n	n	-
;	;	5	u	-	-	-	-	-	-	-	-

ἔστιν	εἰμί	1	v	3	s	p	i	a	-	-	-
·	·	2	u	-	-	-	-	-	-	-	-

τί	τίς	1	p	-	s	-	-	-	n	n	-
δ'	δέ	2	d	-	-	-	-	-	-	-	-
οὐχί	οὐ	3	d	-	-	-	-	-	-	-	-
;	;	4	u	-	-	-	-	-	-	-	-

μὴ	μή	1	c	-	-	-	-	-	-	-	-
δολώσαντος	δολόω	2	v	-	s	a	p	a	m	g	-
θεοῦ	θεός	3	n	-	s	-	-	-	m	g	-
.	.	4	u	-	-	-	-	-	-	-	-

πότερα	πότερος	1	p	-	p	-	-	-	n	a	-
δ'	δέ	2	d	-	-	-	-	-	-	-	-
ὀνείρων	ὄνειρος	3	n	-	p	-	-	-	m	g	-
φάσματ'	φάσμα	4	n	-	p	-	-	-	n	a	-
εὐπιθῆ	εὐπιθής	5	a	-	p	-	-	-	n	a	-
σέβεις	σέβω	6	v	2	s	p	i	a	-	-	-
;	;	7	u	-	-	-	-	-	-	-	-

οὐ	οὐ	1	d	-	-	-	-	-	-	-	-
δόξαν	δόξα	2	n	-	s	-	-	-	f	a	-
ἂν	ἄν1	3	d	-	-	-	-	-	-	-	-
λάβοιμι	λαμβάνω	4	v	1	s	a	o	a	-	-	-
βριζούσης	βρίζω	5	v	-	s	p	p	a	f	g	-
φρενός	φρήν	6	n	-	s	-	-	-	f	g	-
.	.	7	u	-	-	-	-	-	-	-	-

ἀλλ'	ἀλλά	1	d	-	-	-	-	-	-	-	-
ἦ	ἦ	2	d	-	-	-	-	-	-	-	-
σ'	σύ	3	p	-	s	-	-	-	f	a	-
ἐπίανέν	πιαίνω	4	v	3	s	a	i	a	-	-	-
τις	τις	5	p	-	s	-	-	-	f	n	-
ἄπτερος	ἄπτερος	6	a	-	s	-	-	-	f	n	-
φάτις	φάτις	7	n	-	s	-	-	-	f	n	-
;	;	8	u	-	-	-	-	-	-	-	-

παιδὸς	παῖς	1	n	-	s	-	-	-	f	g	-
νέας	νέος	2	a	-	s	-	-	-	f	g	-
ὣς	ὡς	3	c	-	-	-	-	-	-	-	-
κάρτ'	κάρτα	4	d	-	-	-	-	-	-	-	-
ἐμωμήσω	μωμάομαι	5	v	2	s	a	i	m	-	-	-
φρένας	φρήν	6	n	-	p	-	-	-	f	a	-
.	.	7	u	-	-	-	-	-	-	-	-

ποίου	ποῖος	1	p	-	s	-	-	-	m	g	-
χρόνου	χρόνος	2	n	-	s	-	-	-	m	g	-
δὲ	δέ	3	d	-	-	-	-	-	-	-	-
καὶ	καί	4	c	-	-	-	-	-	-	-	-
πεπόρθηται	πορθέω	5	v	3	s	r	i	e	-	-	-
πόλις	πόλις	6	n	-	s	-	-	-	f	n	-
;	;	7	u	-	-	-	-	-	-	-	-

τῆς	ὁ	1	l	-	s	-	-	-	f	g	-
νῦν	νῦν	2	d	-	-	-	-	-	-	-	-
τεκούσης	τίκτω	3	v	-	s	a	p	a	f	g	-
φῶς	φάος	4	n	-	s	-	-	-	n	a	-
τόδ'	ὅδε	5	p	-	s	-	-	-	n	a	-
εὐφρόνης	εὐφρόνη	6	n	-	s	-	-	-	f	g	-
λέγω	λέγω	7	v	1	s	p	i	a	-	-	-
.	.	8	u	-	-	-	-	-	-	-	-

καὶ	καί	1	c	-	-	-	-	-	-	-	-
τίς	τίς	2	p	-	s	-	-	-	m	n	-
τόδ'	ὅδε	3	p	-	s	-	-	-	n	a	-
ἐξίκοιτ'	ἐξικνέομαι	4	v	3	s	a	o	m	-	-	-
ἂν	ἄν1	5	d	-	-	-	-	-	-	-	-
ἀγγέλων	ἄγγελος	6	n	-	p	-	-	-	m	g	-
τάχος	τάχος	7	n	-	s	-	-	-	n	a	-
;	;	8	u	-	-	-	-	-	-	-	-

Ἥφαιστος	Ἥφαιστος	1	n	-	s	-	-	-	m	n	-
Ἴδης	Ἴδη	2	n	-	s	-	-	-	f	g	-
λαμπρὸν	λαμπρός	3	a	-	s	-	-	-	n	a	-
ἐκπέμπων	ἐκπέμπω	4	v	-	s	p	p	a	m	n	-
σέλας	σέλας	5	n	-	s	-	-	-	n	a	-
.	.	6	u	-	-	-	-	-	-	-	-

φρυκτὸς	φρυκτός	1	a	-	s	-	-	-	m	n	-
δὲ	δέ	2	d	-	-	-	-	-	-	-	-
φρυκτὸν	φρυκτός	3	a	-	s	-	-	-	m	a	-
δεῦρ'	δεῦρο	4	d	-	-	-	-	-	-	-	-
ἀπ'	ἀπό	5	r	-	-	-	-	-	-	-	-
ἀγγάρου	ἄγγαρος	6	n	-	s	-	-	-	m	g	-
πυρὸς	πυρός	7	n	-	s	-	-	-	m	n	-
ἔπεμπεν	πέμπω	8	v	3	s	i	i	a	-	-	-
·	·	9	u	-	-	-	-	-	-	-	-

Ἴδη	Ἴδη	1	n	-	s	-	-	-	f	n	-
μὲν	μέν	2	d	-	-	-	-	-	-	-	-
πρὸς	πρός	3	r	-	-	-	-	-	-	-	-
Ἑρμαῖον	Ἑρμαῖος	4	a	-	s	-	-	-	n	a	-
λέπας	λέπας	5	n	-	s	-	-	-	n	a	-
Λήμνου	Λῆμνος	6	n	-	s	-	-	-	f	g	-
·	·	7	u	-	-	-	-	-	-	-	-

μέγαν	μέγας	1	a	-	s	-	-	-	m	a	-
δὲ	δέ	2	d	-	-	-	-	-	-	-	-
πανὸν	πανός	3	n	-	s	-	-	-	m	a	-
ἐκ	ἐκ	4	r	-	-	-	-	-	-	-	-
νήσου	νῆσος	5	n	-	s	-	-	-	f	g	-
τρίτον	τρίτος	6	a	-	s	-	-	-	n	n	-
Ἀθῷον	ἀθῷος	7	a	-	s	-	-	-	n	n	-
αἶπος	αἶπος	8	n	-	s	-	-	-	n	n	-
Ζηνὸς	Ζεύς	9	n	-	s	-	-	-	m	g	-
ἐξεδέξατο	ἐκδέχομαι	10	v	3	s	a	i	m	-	-	-
.	.	11	u	-	-	-	-	-	-	-	-

ὑπερτελής	ὑπερτελής	1	a	-	s	-	-	-	f	n	-
τε	τε	2	c	-	-	-	-	-	-	-	-
,	,	3	u	-	-	-	-	-	-	-	-
πόντον	πόντος	4	n	-	s	-	-	-	m	a	-
ὥστε	ὥστε	5	c	-	-	-	-	-	-	-	-
νωτίσαι	νωτίζω	6	v	-	-	a	n	a	-	-	-
,	,	7	u	-	-	-	-	-	-	-	-
ἰσχὺς	ἰσχύς	8	n	-	s	-	-	-	f	n	-
πορευτοῦ	πορευτός	9	a	-	s	-	-	-	f	g	-
λαμπάδος	λαμπάς	10	n	-	s	-	-	-	f	g	-
πρὸς	πρός	11	r	-	-	-	-	-	-	-	-
ἡδονὴν	ἡδονή	12	n	-	s	-	-	-	f	a	-
[...]	[...]	13	u	-	-	-	-	-	-	-	-

[...]	[...]	1	u	-	-	-	-	-	-	-	-
πεύκη	πεύκη	2	n	-	s	-	-	-	f	n	-
τὸ	ὁ	3	l	-	s	-	-	-	n	a	-
χρυσοφεγγές	χρυσοφεγγής	4	a	-	s	-	-	-	n	a	-
,	,	5	u	-	-	-	-	-	-	-	-
ὥς	ὡς	6	c	-	-	-	-	-	-	-	-
τις	τις	7	p	-	s	-	-	-	m	n	-
ἥλιος	ἥλιος	8	n	-	s	-	-	-	m	n	-
,	,	9	u	-	-	-	-	-	-	-	-
σέλας	σέλας	10	n	-	s	-	-	-	n	a	-
παραγγείλασα	παραγγέλλω	11	v	-	s	a	p	a	f	n	-
Μακίστου	μήκιστος	12	a	-	s	-	-	-	m	g	-
σκοπαῖς	σκοπή	13	n	-	p	-	-	-	f	d	-
·	·	14	u	-	-	-	-	-	-	-	-

ὁ	ὁ	1	l	-	s	-	-	-	m	n	-
δ'	δέ	2	d	-	-	-	-	-	-	-	-
οὔτι	οὔτι	3	d	-	-	-	-	-	-	-	-
μέλλων	μέλλω	4	v	-	s	p	p	a	m	n	-
οὐ	οὐδέ	5	c	-	-	-	-	-	-	-	-
δ'	δέ	6	d	-	-	-	-	-	-	-	-
ἀφρασμόνως	ἀφράσμων	7	d	-	-	-	-	-	-	-	-
ὕπνῳ	ὕπνος	8	n	-	s	-	-	-	m	d	-
νικώμενος	νικάω	9	v	-	s	p	p	e	m	n	-
παρῆκεν	παρίημι	10	v	3	s	a	i	a	-	-	-
ἀγγέλου	ἄγγελος	11	n	-	s	-	-	-	m	g	-
μέρος	μέρος	12	n	-	s	-	-	-	n	a	-
·	·	13	u	-	-	-	-	-	-	-	-

ἑκὰς	ἑκάς	1	d	-	-	-	-	-	-	-	-
δὲ	δέ	2	d	-	-	-	-	-	-	-	-
φρυκτοῦ	φρυκτός	3	a	-	s	-	-	-	m	g	-
φῶς	φάος	4	n	-	s	-	-	-	n	n	-
ἐπ'	ἐπί	5	r	-	-	-	-	-	-	-	-
Εὐρίπου	Εὔριπος	6	n	-	s	-	-	-	m	g	-
ῥοὰς	ῥοή	7	n	-	p	-	-	-	f	a	-
Μεσσαπίου	Μεσσάπιον	8	n	-	s	-	-	-	n	g	-
φύλαξι	φύλαξ	9	n	-	p	-	-	-	m	d	-
σημαίνει	σημαίνω	10	v	3	s	p	i	a	-	-	-
μολόν	βλώσκω	11	v	-	s	a	p	a	n	n	-
.	.	12	u	-	-	-	-	-	-	-	-

οἱ	ὁ	1	l	-	p	-	-	-	m	n	-
δ'	δέ	2	d	-	-	-	-	-	-	-	-
ἀντέλαμψαν	ἀντιλάμπω	3	v	3	p	a	i	a	-	-	-
καὶ	καί	4	c	-	-	-	-	-	-	-	-
παρήγγειλαν	παραγγέλλω	5	v	3	p	a	i	a	-	-	-
πρόσω	πρόσω	6	d	-	-	-	-	-	-	-	-
γραίας	γραῖα	7	n	-	s	-	-	-	f	g	-
ἐρείκης	ἐρείκη	8	n	-	s	-	-	-	f	g	-
θωμὸν	θωμός	9	n	-	s	-	-	-	m	a	-
ἅψαντες	ἅπτω	10	v	-	p	a	p	a	m	n	-
πυρί	πῦρ	11	n	-	s	-	-	-	n	d	-
.	.	12	u	-	-	-	-	-	-	-	-

σθένουσα	σθένω	1	v	-	s	p	p	a	f	n	-
λαμπὰς	λαμπάς	2	n	-	s	-	-	-	f	n	-
δ'	δέ	3	d	-	-	-	-	-	-	-	-
οὐδέπω	οὐδέπω	4	d	-	-	-	-	-	-	-	-
μαυρουμένη	μαυρόω	5	v	-	s	p	p	e	f	n	-
,	,	6	u	-	-	-	-	-	-	-	-
ὑπερθοροῦσα	ὑπερθρῴσκω	7	v	-	s	a	p	a	f	n	-
πεδίον	πεδίον	8	n	-	s	-	-	-	n	n	-
Ἀσωποῦ	Ἀσωπός	9	n	-	s	-	-	-	m	g	-
,	,	10	u	-	-	-	-	-	-	-	-
δίκην	δίκη	11	n	-	s	-	-	-	f	a	-
φαιδρᾶς	φαιδρός	12	a	-	s	-	-	-	f	g	-
σελήνης	σελήνη	13	n	-	s	-	-	-	f	g	-
,	,	14	u	-	-	-	-	-	-	-	-
πρὸς	πρός	15	r	-	-	-	-	-	-	-	-
Κιθαιρῶνος	Κιθαιρών	16	n	-	s	-	-	-	m	g	-
λέπας	λέπας	17	n	-	s	-	-	-	n	a	-
ἤγειρεν	ἐγείρω	18	v	3	s	a	i	a	-	-	-
ἄλλην	ἄλλος	19	p	-	s	-	-	-	f	a	-
ἐκδοχὴν	ἐκδοχή	20	n	-	s	-	-	-	f	a	-
πομποῦ	πομπός	21	n	-	s	-	-	-	m	g	-
πυρός	πῦρ	22	n	-	s	-	-	-	n	g	-
.	.	23	u	-	-	-	-	-	-	-	-

φάος	φάος	1	n	-	s	-	-	-	n	a	-
δὲ	δέ	2	d	-	-	-	-	-	-	-	-
τηλέπομπον	τηλέπομπος	3	a	-	s	-	-	-	n	a	-
οὐκ	οὐ	4	d	-	-	-	-	-	-	-	-
ἠναίνετο	ἀναίνομαι	5	v	3	s	i	i	e	-	-	-
φρουρὰ	φρουρά	6	n	-	s	-	-	-	f	n	-
πλέον	πλείων	7	a	-	s	-	-	-	n	a	c
καίουσα	καίω	8	v	-	s	p	p	a	f	n	-
τῶν	ὁ	9	l	-	p	-	-	-	n	g	-
εἰρημένων	ἐρῶ	10	v	-	p	r	p	e	n	g	-
·	·	11	u	-	-	-	-	-	-	-	-

λίμνην	λίμνη	1	n	-	s	-	-	-	f	a	-
δ'	δέ	2	d	-	-	-	-	-	-	-	-
ὑπὲρ	ὑπέρ	3	r	-	-	-	-	-	-	-	-
Γοργῶπιν	Γοργῶπις	4	n	-	s	-	-	-	f	a	-
ἔσκηψεν	σκήπτω	5	v	3	s	a	i	a	-	-	-
φάος	φάος	6	n	-	s	-	-	-	n	n	-
·	·	7	u	-	-	-	-	-	-	-	-

ὄρος	ὄρος	1	n	-	s	-	-	-	n	a	-
τ'	σύ	2	p	-	s	-	-	-	-	a	-
ἐπ'	ἐπί	3	r	-	-	-	-	-	-	-	-
Αἰγίπλαγκτον	Αἰγίπλαγκτος	4	a	-	s	-	-	-	n	a	-
ἐξικνούμενον	ἐξικνέομαι	5	v	-	s	p	p	e	m	a	-
ὤτρυνε	ὀτρύνω	6	v	3	s	i	i	a	-	-	-
θεσμὸν	θεσμός	7	n	-	s	-	-	-	m	a	-
μὴ	μή	8	c	-	-	-	-	-	-	-	-
χρονίζεσθαι	χρονίζω	9	v	-	-	p	n	e	-	-	-
πυρός	πῦρ	10	n	-	s	-	-	-	n	g	-
.	.	11	u	-	-	-	-	-	-	-	-

πέμπουσι	πέμπω	1	v	3	p	p	i	a	-	-	-
δ'	δέ	2	d	-	-	-	-	-	-	-	-
ἀνδαίοντες	ἀναδαίω	3	v	-	p	p	p	a	m	n	-
ἀφθόνῳ	ἄφθονος	4	a	-	s	-	-	-	n	d	-
μένει	μένος	5	n	-	s	-	-	-	n	d	-
φλογὸς	φλόξ	6	n	-	s	-	-	-	f	g	-
μέγαν	μέγας	7	a	-	s	-	-	-	m	a	-
πώγωνα	πώγων	8	n	-	s	-	-	-	m	a	-
,	,	9	u	-	-	-	-	-	-	-	-
καὶ	καί	10	c	-	-	-	-	-	-	-	-
Σαρωνικοῦ	Σαρωνικός	11	a	-	s	-	-	-	m	g	-
πορθμοῦ	πορθμός	12	n	-	s	-	-	-	m	g	-
κάτοπτον	κάτοπτος	13	a	-	s	-	-	-	m	a	-
πρῶν'	πρών	14	n	-	s	-	-	-	m	a	-
ὑπερβάλλειν	ὑπερβάλλω	15	v	-	-	p	n	a	-	-	-
πρόσω	πρόσω	16	d	-	-	-	-	-	-	-	-
φλέγουσαν	φλέγω	17	v	-	s	p	p	a	f	a	-
·	·	18	u	-	-	-	-	-	-	-	-

ἔστ'	ἔστε	1	c	-	-	-	-	-	-	-	-
ἔσκηψεν	σκήπτω	2	v	3	s	a	i	a	-	-	-
εὖτ'	εὖτε	3	c	-	-	-	-	-	-	-	-
ἀφίκετο	ἀφικνέομαι	4	v	3	s	a	i	m	-	-	-
Ἀραχναῖον	ἀραχναῖος	5	a	-	s	-	-	-	n	a	-
αἶπος	αἶπος	6	n	-	s	-	-	-	n	a	-
,	,	7	u	-	-	-	-	-	-	-	-
ἀστυγείτονας	ἀστυγείτων	8	a	-	p	-	-	-	f	a	-
σκοπάς	σκοπή	9	n	-	p	-	-	-	f	a	-
·	·	10	u	-	-	-	-	-	-	-	-

κ	καί	1	c	-	-	-	-	-	-	-	-
ἄπειτ'	ἔπειτα	2	d	-	-	-	-	-	-	-	-
Ἀτρειδῶν	Ἀτρείδης	3	n	-	p	-	-	-	m	g	-
ἐς	εἰς	4	r	-	-	-	-	-	-	-	-
τόδε	ὅδε	5	p	-	s	-	-	-	n	a	-
σκήπτει	σκήπτω	6	v	3	s	p	i	a	-	-	-
στέγος	στέγος	7	n	-	s	-	-	-	n	a	-
φάος	φάος	8	n	-	s	-	-	-	n	n	-
τόδ'	ὅδε	9	p	-	s	-	-	-	n	n	-
οὐκ	οὐ	10	d	-	-	-	-	-	-	-	-
ἄπαππον	ἄπαππος	11	a	-	s	-	-	-	n	n	-
Ἰδαίου	Ἰδαῖος	12	a	-	s	-	-	-	n	g	-
πυρός	πῦρ	13	n	-	s	-	-	-	n	g	-
.	.	14	u	-	-	-	-	-	-	-	-

τοιοίδε	τοιόσδε	1	p	-	p	-	-	-	m	n	-
τοί	τοι	2	d	-	-	-	-	-	-	-	-
μοι	ἐγώ	3	p	-	s	-	-	-	f	d	-
λαμπαδηφόρων	λαμπαδηφόρος	4	n	-	p	-	-	-	m	g	-
νόμοι	νόμος	5	n	-	p	-	-	-	m	n	-
,	,	6	u	-	-	-	-	-	-	-	-
ἄλλος	ἄλλος	7	p	-	s	-	-	-	m	n	-
παρ'	παρά	8	r	-	-	-	-	-	-	-	-
ἄλλου	ἄλλος	9	p	-	s	-	-	-	m	g	-
διαδοχαῖς	διαδοχή	10	n	-	p	-	-	-	f	d	-
πληρούμενοι	πληρόω	11	v	-	p	p	p	e	m	n	-
·	·	12	u	-	-	-	-	-	-	-	-

νικᾷ	νικάω	1	v	3	s	p	i	a	-	-	-
δ'	δέ	2	d	-	-	-	-	-	-	-	-
ὁ	ὁ	3	l	-	s	-	-	-	m	n	-
πρῶτος	πρῶτος	4	a	-	s	-	-	-	m	n	-
καὶ	καί	5	c	-	-	-	-	-	-	-	-
τελευταῖος	τελευταῖος	6	a	-	s	-	-	-	m	n	-
δραμών	τρέχω	7	v	-	s	a	p	a	m	n	-
.	.	8	u	-	-	-	-	-	-	-	-

τέκμαρ	τέκμαρ	1	n	-	s	-	-	-	n	a	-
τοιοῦτον	τοιοῦτος	2	p	-	s	-	-	-	n	a	-
σύμβολόν	σύμβολος	3	n	-	s	-	-	-	m	a	-
τέ	σύ	4	p	-	s	-	-	-	-	a	-
σοι	σύ	5	p	-	s	-	-	-	m	d	-
λέγω	λέγω	6	v	1	s	p	i	a	-	-	-
ἀνδρὸς	ἀνήρ	7	n	-	s	-	-	-	m	g	-
παραγγείλαντος	παραγγέλλω	8	v	-	s	a	p	a	m	g	-
ἐκ	ἐκ	9	r	-	-	-	-	-	-	-	-
Τροίας	Τροία	10	n	-	s	-	-	-	f	g	-
ἐμοί	ἐγώ	11	p	-	s	-	-	-	f	d	-
.	.	12	u	-	-	-	-	-	-	-	-

θεοῖς	θεός	1	n	-	p	-	-	-	m	d	-
μὲν	μέν	2	d	-	-	-	-	-	-	-	-
αὖθις	αὖθις	3	d	-	-	-	-	-	-	-	-
,	,	4	u	-	-	-	-	-	-	-	-
ὦ	ὦ	5	i	-	-	-	-	-	-	-	-
γύναι	γυνή	6	n	-	s	-	-	-	f	v	-
,	,	7	u	-	-	-	-	-	-	-	-
προσεύξομαι	προσεύχομαι	8	v	1	s	f	i	m	-	-	-
.	.	9	u	-	-	-	-	-	-	-	-

λόγους	λόγος	1	n	-	p	-	-	-	m	a	-
δ'	δέ	2	d	-	-	-	-	-	-	-	-
ἀκοῦσαι	ἀκούω	3	v	-	-	a	n	a	-	-	-
τούσδε	ὅδε	4	p	-	p	-	-	-	m	a	-
κ	καί	5	c	-	-	-	-	-	-	-	-
ἀποθαυμάσαι	ἀποθαυμάζω	6	v	-	-	a	n	a	-	-	-
διηνεκῶς	διηνεκής	7	d	-	-	-	-	-	-	-	-
θέλοιμ'	ἐθέλω	8	v	1	s	p	o	a	-	-	-
ἂν	ἄν1	9	d	-	-	-	-	-	-	-	-
ὡς	ὡς	10	c	-	-	-	-	-	-	-	-
λέγοις	λέγω	11	v	2	s	p	o	a	-	-	-
πάλιν	πάλιν	12	d	-	-	-	-	-	-	-	-
.	.	13	u	-	-	-	-	-	-	-	-

Τροίαν	Τροία	1	n	-	s	-	-	-	f	a	-
Ἀχαιοὶ	Ἀχαιός	2	a	-	p	-	-	-	m	n	-
τῇδ'	ὅδε	3	p	-	s	-	-	-	f	d	-
ἔχουσ'	ἔχω	4	v	3	p	p	i	a	-	-	-
ἐν	ἐν	5	r	-	-	-	-	-	-	-	-
ἡμέρᾳ	ἡμέρα	6	n	-	s	-	-	-	f	d	-
.	.	7	u	-	-	-	-	-	-	-	-

οἶμαι	οἴομαι	1	v	1	s	p	i	e	-	-	-
βοὴν	βοή	2	n	-	s	-	-	-	f	a	-
ἄμεικτον	ἄμικτος	3	a	-	s	-	-	-	f	a	-
ἐν	ἐν	4	r	-	-	-	-	-	-	-	-
πόλει	πόλις	5	n	-	s	-	-	-	f	d	-
πρέπειν	πρέπω	6	v	-	-	p	n	a	-	-	-
.	.	7	u	-	-	-	-	-	-	-	-

ὄξος	ὄξος	1	n	-	s	-	-	-	n	a	-
τ'	τε	2	c	-	-	-	-	-	-	-	-
ἄλειφά	ἄλειφα	3	n	-	s	-	-	-	n	a	-
τ'	τε	4	c	-	-	-	-	-	-	-	-
ἐγχέας	ἐγχέω	5	v	-	s	a	p	a	m	n	-
ταὐτῷ	αὐτός	6	p	-	s	-	-	-	n	d	-
κύτει	κύτος	7	n	-	s	-	-	-	n	d	-
διχοστατοῦντ'	διχοστατέω	8	v	-	d	p	p	a	n	a	-
ἄν	ἄν1	9	d	-	-	-	-	-	-	-	-
,	,	10	u	-	-	-	-	-	-	-	-
οὐ	οὐ	11	d	-	-	-	-	-	-	-	-
φίλω	φίλος	12	a	-	d	-	-	-	n	a	-
,	,	13	u	-	-	-	-	-	-	-	-
προσεννέποις	προσεννέπω	14	v	2	s	p	o	a	-	-	-
.	.	15	u	-	-	-	-	-	-	-	-

καὶ	καί	1	c	-	-	-	-	-	-	-	-
τῶν	ὁ	2	l	-	p	-	-	-	m	g	-
ἁλόντων	ἁλίσκομαι	3	v	-	p	a	p	a	m	g	-
καὶ	καί	4	c	-	-	-	-	-	-	-	-
κρατησάντων	κρατέω	5	v	-	p	a	p	a	m	g	-
δίχα	δίχα	6	d	-	-	-	-	-	-	-	-
φθογγὰς	φθογγή	7	n	-	p	-	-	-	f	a	-
ἀκούειν	ἀκούω	8	v	-	-	p	n	a	-	-	-
ἔστι	εἰμί	9	v	3	s	p	i	a	-	-	-
συμφορᾶς	συμφορά	10	n	-	s	-	-	-	f	g	-
διπλῆς	διπλός	11	a	-	s	-	-	-	f	g	-
.	.	12	u	-	-	-	-	-	-	-	-

οἱ	ὁ	1	l	-	p	-	-	-	m	n	-
μὲν	μέν	2	d	-	-	-	-	-	-	-	-
γὰρ	γάρ	3	d	-	-	-	-	-	-	-	-
ἀμφὶ	ἀμφί	4	r	-	-	-	-	-	-	-	-
σώμασιν	σῶμα	5	n	-	p	-	-	-	n	d	-
πεπτωκότες	πίπτω	6	v	-	p	r	p	a	m	n	-
ἀνδρῶν	ἀνήρ	7	n	-	p	-	-	-	m	g	-
κασιγνήτων	κασίγνητος	8	n	-	p	-	-	-	m	g	-
τε	τε	9	c	-	-	-	-	-	-	-	-
καὶ	καί	10	c	-	-	-	-	-	-	-	-
φυταλμίων	φυτάλμιος	11	a	-	p	-	-	-	m	g	-
παῖδες	παῖς	12	n	-	p	-	-	-	m	n	-
γερόντων	γέρων	13	n	-	p	-	-	-	m	g	-
οὐκέτ'	οὐκέτι	14	d	-	-	-	-	-	-	-	-
ἐξ	ἐκ	15	r	-	-	-	-	-	-	-	-
ἐλευθέρου	ἐλεύθερος	16	a	-	s	-	-	-	f	g	-
δέρης	δειρή	17	n	-	s	-	-	-	f	g	-
ἀποιμώζουσι	ἀποιμώζω	18	v	3	p	p	i	a	-	-	-
φιλτάτων	φίλος	19	a	-	p	-	-	-	m	g	s
μόρον	μόρος	20	n	-	s	-	-	-	m	a	-
·	·	21	u	-	-	-	-	-	-	-	-

τοὺς	ὁ	1	l	-	p	-	-	-	m	a	-
δ'	δέ	2	d	-	-	-	-	-	-	-	-
αὖτε	αὖτε	3	d	-	-	-	-	-	-	-	-
νυκτίπλαγκτος	νυκτίπλαγκτος	4	a	-	s	-	-	-	m	n	-
ἐκ	ἐκ	5	r	-	-	-	-	-	-	-	-
μάχης	μάχη	6	n	-	s	-	-	-	f	g	-
πόνος	πόνος	7	n	-	s	-	-	-	m	n	-
νήστεις	νῆστις	8	a	-	p	-	-	-	m	a	-
πρὸς	πρός	9	r	-	-	-	-	-	-	-	-
ἀρίστοισιν	ἄριστον	10	n	-	p	-	-	-	n	d	-
ὧν	ὅς	11	p	-	p	-	-	-	n	g	-
ἔχει	ἔχω	12	v	3	s	p	i	a	-	-	-
πόλις	πόλις	13	n	-	s	-	-	-	f	n	-
τάσσει	τάσσω	14	v	3	s	p	i	a	-	-	-
,	,	15	u	-	-	-	-	-	-	-	-
πρὸς	πρός	16	r	-	-	-	-	-	-	-	-
οὐδὲν	οὐδείς	17	p	-	s	-	-	-	n	a	-
ἐν	ἐν	18	r	-	-	-	-	-	-	-	-
μέρει	μέρος	19	n	-	s	-	-	-	n	d	-
τεκμήριον	τεκμήριον	20	n	-	s	-	-	-	n	a	-
,	,	21	u	-	-	-	-	-	-	-	-
ἀλλ'	ἀλλά	22	d	-	-	-	-	-	-	-	-
ὡς	ὡς	23	c	-	-	-	-	-	-	-	-
ἕκαστος	ἕκαστος	24	p	-	s	-	-	-	m	n	-
ἔσπασεν	σπάω	25	v	3	s	a	i	a	-	-	-
τύχης	τύχη	26	n	-	s	-	-	-	f	g	-
πάλον	πάλος	27	n	-	s	-	-	-	m	a	-
.	.	28	u	-	-	-	-	-	-	-	-

ἐν	ἐν	1	r	-	-	-	-	-	-	-	-
δ'	δέ	2	d	-	-	-	-	-	-	-	-
αἰχμαλώτοις	αἰχμάλωτος	3	a	-	p	-	-	-	n	d	-
Τρωικοῖς	Τρωικός	4	a	-	p	-	-	-	n	d	-
οἰκήμασιν	οἴκημα	5	n	-	p	-	-	-	n	d	-
ναίουσιν	ναίω	6	v	3	p	p	i	a	-	-	-
ἤδη	ἤδη	7	d	-	-	-	-	-	-	-	-
,	,	8	u	-	-	-	-	-	-	-	-
τῶν	ὁ	9	l	-	p	-	-	-	m	g	-
ὑπαιθρίων	ὑπαίθριος	10	a	-	p	-	-	-	m	g	-
πάγων	πάγος	11	n	-	p	-	-	-	m	g	-
δρόσων	δρόσος	12	n	-	p	-	-	-	f	g	-
τ'	τε	13	c	-	-	-	-	-	-	-	-
ἀπαλλαγέντες	ἀπαλλάσσω	14	v	-	p	a	p	p	m	n	-
,	,	15	u	-	-	-	-	-	-	-	-
ὡς	ὡς	16	c	-	-	-	-	-	-	-	-
δ'	δέ	17	d	-	-	-	-	-	-	-	-
εὐδαίμονες	εὐδαίμων	18	a	-	p	-	-	-	m	n	-
ἀφύλακτον	ἀφύλακτος	19	a	-	s	-	-	-	f	a	-
εὑδήσουσι	εὕδω	20	v	3	p	f	i	a	-	-	-
πᾶσαν	πᾶς	21	p	-	s	-	-	-	f	a	-
εὐφρόνην	εὐφρόνη	22	n	-	s	-	-	-	f	a	-
.	.	23	u	-	-	-	-	-	-	-	-

εἰ	εἰ	1	c	-	-	-	-	-	-	-	-
δ'	δέ	2	d	-	-	-	-	-	-	-	-
εὖ	εὖ	3	d	-	-	-	-	-	-	-	-
σέβουσι	σέβω	4	v	3	p	p	i	a	-	-	-
τοὺς	ὁ	5	l	-	p	-	-	-	m	a	-
πολισσούχους	πολισσοῦχος	6	a	-	p	-	-	-	m	a	-
θεοὺς	θεός	7	n	-	p	-	-	-	m	a	-
τοὺς	ὁ	8	l	-	p	-	-	-	m	a	-
τῆς	ὁ	9	l	-	s	-	-	-	f	g	-
ἁλούσης	ἁλίσκομαι	10	v	-	s	a	p	a	f	g	-
γῆς	γῆ	11	n	-	s	-	-	-	f	g	-
θεῶν	θεός	12	n	-	p	-	-	-	m	g	-
θ'	τε	13	c	-	-	-	-	-	-	-	-
ἱδρύματα	ἵδρυμα	14	n	-	p	-	-	-	n	a	-
,	,	15	u	-	-	-	-	-	-	-	-
οὔ	οὐ	16	d	-	-	-	-	-	-	-	-
τἂν	ἄν	17	d	-	-	-	-	-	-	-	-
ἑλόντες	αἱρέω	18	v	-	p	a	p	a	m	n	-
αὖθις	αὖθις	19	d	-	-	-	-	-	-	-	-
ἀνθαλοῖεν	ἀνθαλίσκομαι	20	v	3	p	a	o	a	-	-	-
ἄν	ἄν1	21	d	-	-	-	-	-	-	-	-
.	.	22	u	-	-	-	-	-	-	-	-

ἔρως	ἔρως	1	n	-	s	-	-	-	m	n	-
δὲ	δέ	2	d	-	-	-	-	-	-	-	-
μή	μή	3	d	-	-	-	-	-	-	-	-
τις	τις	4	p	-	s	-	-	-	m	n	-
πρότερον	πρότερος	5	a	-	s	-	-	-	m	a	-
ἐμπίπτῃ	ἐμπίπτω	6	v	3	s	p	s	a	-	-	-
στρατῷ	στρατός	7	n	-	s	-	-	-	m	d	-
πορθεῖν	πορθέω	8	v	-	-	p	n	a	-	-	-
ἃ	ὅς	9	p	-	p	-	-	-	n	a	-
μὴ	μή	10	d	-	-	-	-	-	-	-	-
χρή	χρή	11	v	3	s	p	i	a	-	-	-
,	,	12	u	-	-	-	-	-	-	-	-
κέρδεσιν	κέρδος	13	n	-	p	-	-	-	n	d	-
νικωμένους	νικάω	14	v	-	p	p	p	e	m	a	-
.	.	15	u	-	-	-	-	-	-	-	-

δεῖ	δεῖ	1	v	3	s	p	i	-	-	-	-
γὰρ	γάρ	2	d	-	-	-	-	-	-	-	-
πρὸς	πρός	3	r	-	-	-	-	-	-	-	-
οἴκους	οἶκος	4	n	-	p	-	-	-	m	a	-
νοστίμου	νόστιμος	5	a	-	s	-	-	-	f	g	-
σωτηρίας	σωτηρία	6	n	-	s	-	-	-	f	g	-
κάμψαι	κάμπτω	7	v	-	-	a	n	a	-	-	-
διαύλου	δίαυλος	8	n	-	s	-	-	-	m	g	-
θάτερον	ἕτερος	9	a	-	s	-	-	-	n	a	-
κῶλον	κῶλον	10	n	-	s	-	-	-	n	a	-
πάλιν	πάλιν	11	d	-	-	-	-	-	-	-	-
·	·	12	u	-	-	-	-	-	-	-	-

θεοῖς	θεός	1	n	-	p	-	-	-	m	d	-
δ'	δέ	2	d	-	-	-	-	-	-	-	-
ἀναμπλάκητος	ἀναμπλάκητος	3	a	-	s	-	-	-	m	n	-
εἰ	εἰ	4	c	-	-	-	-	-	-	-	-
μόλοι	βλώσκω	5	v	3	s	a	o	a	-	-	-
στρατός	στρατός	6	n	-	s	-	-	-	m	n	-
,	,	7	u	-	-	-	-	-	-	-	-
ἐγρηγορὸς	ἐγείρω	8	v	-	s	r	p	a	n	n	-
τὸ	ὁ	9	l	-	s	-	-	-	n	n	-
πῆμα	πῆμα	10	n	-	s	-	-	-	n	n	-
τῶν	ὁ	11	l	-	p	-	-	-	m	g	-
ὀλωλότων	ὄλλυμι	12	v	-	p	r	p	a	m	g	-
γένοιτ'	γίγνομαι	13	v	3	s	a	o	m	-	-	-
ἄν	ἄν1	14	d	-	-	-	-	-	-	-	-
,	,	15	u	-	-	-	-	-	-	-	-
εἰ	εἰ	16	c	-	-	-	-	-	-	-	-
πρόσπαια	πρόσπαιος	17	a	-	p	-	-	-	n	n	-
μὴ	μή	18	d	-	-	-	-	-	-	-	-
τύχοι	τυγχάνω	19	v	3	s	a	o	a	-	-	-
κακά	κακός	20	a	-	p	-	-	-	n	n	-
.	.	21	u	-	-	-	-	-	-	-	-

τοιαῦτά	τοιοῦτος	1	p	-	p	-	-	-	n	a	-
τοι	τοι	2	d	-	-	-	-	-	-	-	-
γυναικὸς	γυνή	3	n	-	s	-	-	-	f	g	-
ἐξ	ἐκ	4	r	-	-	-	-	-	-	-	-
ἐμοῦ	ἐγώ	5	p	-	s	-	-	-	f	g	-
κλύεις	κλύω	6	v	2	s	p	i	a	-	-	-
·	·	7	u	-	-	-	-	-	-	-	-

τὸ	ὁ	1	l	-	s	-	-	-	n	n	-
δ'	δέ	2	d	-	-	-	-	-	-	-	-
εὖ	ἐύς	3	a	-	s	-	-	-	n	n	-
κρατοίη	κρατέω	4	v	3	s	p	o	a	-	-	-
μὴ	μή	5	d	-	-	-	-	-	-	-	-
διχορρόπως	διχόρροπος	6	d	-	-	-	-	-	-	-	-
ἰδεῖν	εἶδον	7	v	-	-	a	n	a	-	-	-
.	.	8	u	-	-	-	-	-	-	-	-

πολλῶν	πολύς	1	a	-	p	-	-	-	n	g	-
γὰρ	γάρ	2	d	-	-	-	-	-	-	-	-
ἐσθλῶν	ἐσθλός	3	a	-	p	-	-	-	n	g	-
τήνδ'	ὅδε	4	p	-	s	-	-	-	f	a	-
ὄνησιν	ὄνησις	5	n	-	s	-	-	-	f	a	-
εἱλόμην	αἱρέω	6	v	1	s	a	i	m	-	-	-
.	.	7	u	-	-	-	-	-	-	-	-

γύναι	γυνή	1	n	-	s	-	-	-	f	v	-
,	,	2	u	-	-	-	-	-	-	-	-
κατ'	κατά	3	r	-	-	-	-	-	-	-	-
ἄνδρα	ἀνήρ	4	n	-	s	-	-	-	m	a	-
σώφρον'	σώφρων	5	a	-	s	-	-	-	m	a	-
εὐφρόνως	εὐφρόνως	6	d	-	-	-	-	-	-	-	-
λέγεις	λέγω	7	v	2	s	p	i	a	-	-	-
.	.	8	u	-	-	-	-	-	-	-	-

ἐγὼ	ἐγώ	1	p	-	s	-	-	-	m	n	-
δ'	δέ	2	d	-	-	-	-	-	-	-	-
ἀκούσας	ἀκούω	3	v	-	s	a	p	a	m	n	-
πιστά	πιστός	4	a	-	p	-	-	-	n	a	-
σου	σύ	5	p	-	s	-	-	-	f	g	-
τεκμήρια	τεκμήριον	6	n	-	p	-	-	-	n	a	-
θεοὺς	θεός	7	n	-	p	-	-	-	m	a	-
προσειπεῖν	προσεῖπον	8	v	-	-	a	n	a	-	-	-
εὖ	εὖ	9	d	-	-	-	-	-	-	-	-
παρασκευάζομαι	παρασκευάζω	10	v	1	s	p	i	e	-	-	-
.	.	11	u	-	-	-	-	-	-	-	-

χάρις	χάρις	1	n	-	s	-	-	-	f	n	-
γὰρ	γάρ	2	d	-	-	-	-	-	-	-	-
οὐκ	οὐ	3	d	-	-	-	-	-	-	-	-
ἄτιμος	ἄτιμος	4	a	-	s	-	-	-	f	n	-
εἴργασται	ἐργάζομαι	5	v	3	s	r	i	e	-	-	-
πόνων	πόνος	6	n	-	p	-	-	-	m	g	-
.	.	7	u	-	-	-	-	-	-	-	-

ὦ	ὦ	1	i	-	-	-	-	-	-	-	-
Ζεῦ	Ζεύς	2	n	-	s	-	-	-	m	v	-
βασιλεῦ	βασιλεύς	3	n	-	s	-	-	-	m	v	-
καὶ	καί	4	c	-	-	-	-	-	-	-	-
νὺξ	νύξ	5	n	-	s	-	-	-	f	v	-
φιλία	φίλιος	6	a	-	s	-	-	-	f	v	-
μεγάλων	μέγας	7	a	-	p	-	-	-	m	g	-
κόσμων	κόσμος	8	n	-	p	-	-	-	m	g	-
κτεάτειρα	κτεάτειρα	9	n	-	s	-	-	-	f	v	-
,	,	10	u	-	-	-	-	-	-	-	-
ἥτ'	ὅστε	11	p	-	s	-	-	-	f	n	-
ἐπὶ	ἐπί	12	r	-	-	-	-	-	-	-	-
Τροίας	Τροία	13	n	-	s	-	-	-	f	g	-
πύργοις	πύργος	14	n	-	p	-	-	-	m	d	-
ἔβαλες	βάλλω	15	v	2	s	a	i	a	-	-	-
στεγανὸν	στεγανός	16	a	-	s	-	-	-	n	a	-
δίκτυον	δίκτυον	17	n	-	s	-	-	-	n	a	-
,	,	18	u	-	-	-	-	-	-	-	-
ὡς	ὡς	19	c	-	-	-	-	-	-	-	-
μή	μήτε	20	c	-	-	-	-	-	-	-	-
τε	μήτε	21	c	-	-	-	-	-	-	-	-
μέγαν	μέγας	22	a	-	s	-	-	-	m	a	-
μή	μήτε	23	c	-	-	-	-	-	-	-	-
τ'	μήτε	24	c	-	-	-	-	-	-	-	-
οὖν	οὖν	25	d	-	-	-	-	-	-	-	-
νεαρῶν	νεαρός	26	a	-	p	-	-	-	m	g	-
τιν'	τις	27	p	-	s	-	-	-	m	a	-
ὑπερτελέσαι	ὑπερτελέω	28	v	-	-	a	n	a	-	-	-
μέγα	μέγας	29	a	-	s	-	-	-	n	a	-
δουλείας	δουλεία	30	n	-	s	-	-	-	f	g	-
γάγγαμον	γάγγαμον	31	n	-	s	-	-	-	n	a	-
,	,	32	u	-	-	-	-	-	-	-	-
ἄτης	ἄτη	33	n	-	s	-	-	-	f	g	-
παναλώτου	πανάλωτος	34	a	-	s	-	-	-	f	g	-
.	.	35	u	-	-	-	-	-	-	-	-

Δία	Ζεύς	1	n	-	s	-	-	-	m	a	-
τοι	τοι	2	d	-	-	-	-	-	-	-	-
ξένιον	ξένιος	3	a	-	s	-	-	-	m	a	-
μέγαν	μέγας	4	a	-	s	-	-	-	m	a	-
αἰδοῦμαι	αἰδέομαι	5	v	1	s	p	i	e	-	-	-
τὸν	ὁ	6	l	-	s	-	-	-	m	a	-
τάδε	ὅδε	7	p	-	p	-	-	-	n	a	-
πράξαντ'	πράσσω	8	v	-	s	a	p	a	m	a	-
ἐπ'	ἐπί	9	r	-	-	-	-	-	-	-	-
Ἀλεξάνδρῳ	Ἀλέξανδρος	10	n	-	s	-	-	-	m	d	-
τείνοντα	τείνω	11	v	-	s	p	p	a	m	a	-
πάλαι	πάλαι	12	d	-	-	-	-	-	-	-	-
τόξον	τόξον	13	n	-	s	-	-	-	n	a	-
,	,	14	u	-	-	-	-	-	-	-	-
ὅπως	ὅπως	15	c	-	-	-	-	-	-	-	-
ἂν	ἄν1	16	d	-	-	-	-	-	-	-	-
μή	μήτε	17	c	-	-	-	-	-	-	-	-
τε	μήτε	18	c	-	-	-	-	-	-	-	-
πρὸ	πρό	19	r	-	-	-	-	-	-	-	-
καιροῦ	καιρός	20	n	-	s	-	-	-	m	g	-
μή	μήτε	21	c	-	-	-	-	-	-	-	-
θ'	μήτε	22	c	-	-	-	-	-	-	-	-
ὑπὲρ	ὑπέρ	23	r	-	-	-	-	-	-	-	-
ἄστρων	ἄστρον	24	n	-	p	-	-	-	n	g	-
βέλος	βέλος	25	n	-	s	-	-	-	n	n	-
ἠλίθιον	ἠλίθιος	26	a	-	s	-	-	-	n	a	-
σκήψειεν	σκήπτω	27	v	3	s	a	o	a	-	-	-
.	.	28	u	-	-	-	-	-	-	-	-

Διὸς	Ζεύς	1	n	-	s	-	-	-	m	g	-
πλαγὰν	πληγή	2	n	-	s	-	-	-	f	a	-
ἔχουσιν	ἔχω	3	v	3	p	p	i	a	-	-	-
εἰπεῖν	εἶπον	4	v	-	-	a	n	a	-	-	-
,	,	5	u	-	-	-	-	-	-	-	-
πάρεστιν	πάρειμι	6	v	3	s	p	i	a	-	-	-
τοῦτό	οὗτος	7	p	-	s	-	-	-	n	a	-
γ'	γε	8	d	-	-	-	-	-	-	-	-
ἐξιχνεῦσαι	ἐξιχνεύω	9	v	-	-	a	n	a	-	-	-
.	.	10	u	-	-	-	-	-	-	-	-

[ὡς]	[ὡς]	1	c	-	-	-	-	-	-	-	-
ἔπραξεν	πράσσω	2	v	3	s	a	i	a	-	-	-
ὡς	ὡς	3	c	-	-	-	-	-	-	-	-
ἔκρανεν	κραίνω	4	v	3	s	a	i	a	-	-	-
.	.	5	u	-	-	-	-	-	-	-	-

οὐκ	οὐ	1	d	-	-	-	-	-	-	-	-
ἔφα	φημί	2	v	3	s	i	i	a	-	-	-
τις	τις	3	p	-	s	-	-	-	m	n	-
θεοὺς	θεός	4	n	-	p	-	-	-	m	a	-
βροτῶν	βροτός	5	n	-	p	-	-	-	m	g	-
ἀξιοῦσθαι	ἀξιόω	6	v	-	-	p	n	e	-	-	-
μέλειν	μέλω	7	v	-	-	p	n	a	-	-	-
ὅσοις	ὅσος	8	p	-	p	-	-	-	m	d	-
ἀθίκτων	ἄθικτος	9	a	-	p	-	-	-	n	g	-
χάρις	χάρις	10	n	-	s	-	-	-	f	n	-
πατοῖθ'	πατέω	11	v	3	s	p	o	e	-	-	-
·	·	12	u	-	-	-	-	-	-	-	-

ὁ	ὁ	1	p	-	s	-	-	-	m	n	-
δ'	δέ	2	d	-	-	-	-	-	-	-	-
οὐκ	οὐ	3	d	-	-	-	-	-	-	-	-
εὐσεβής	εὐσεβής	4	a	-	s	-	-	-	m	n	-
.	.	5	u	-	-	-	-	-	-	-	-

πέφανται	φαίνω	1	v	3	s	r	i	e	-	-	-
δ'	δέ	2	d	-	-	-	-	-	-	-	-
ἐκτίνουσ'	ἐκτίνω	3	v	-	p	p	p	a	f	n	-
ἀτολμήτων	ἀτόλμητος	4	a	-	p	-	-	-	n	g	-
ἀρὴ	ἀρή	5	n	-	s	-	-	-	f	n	-
πνεόντων	πνέω	6	v	-	p	p	p	a	m	g	-
μεῖζον	μέγας	7	a	-	s	-	-	-	n	a	c
ἢ	ἤ	8	c	-	-	-	-	-	-	-	-
δικαίως	δίκαιος	9	d	-	-	-	-	-	-	-	-
,	,	10	u	-	-	-	-	-	-	-	-
φλεόντων	φλέω	11	v	-	p	p	p	a	n	g	-
δωμάτων	δῶμα	12	n	-	p	-	-	-	n	g	-
ὑπέρφευ	ὑπέρφευ	13	d	-	-	-	-	-	-	-	-
ὑπὲρ	ὑπέρ	14	r	-	-	-	-	-	-	-	-
τὸ	ὁ	15	l	-	s	-	-	-	n	a	-
βέλτιστον	βέλτιστος	16	a	-	s	-	-	-	n	a	s
.	.	17	u	-	-	-	-	-	-	-	-

ἔστω	εἰμί	1	v	3	s	p	m	a	-	-	-
δ'	δέ	2	d	-	-	-	-	-	-	-	-
ἀπήμαντον	ἀπήμαντος	3	a	-	s	-	-	-	n	n	-
,	,	4	u	-	-	-	-	-	-	-	-
ὥστ'	ὥστε	5	c	-	-	-	-	-	-	-	-
ἀπαρκεῖν	ἀπαρκέω	6	v	-	-	p	n	a	-	-	-
εὖ	εὖ	7	d	-	-	-	-	-	-	-	-
πραπίδων	πραπίδες	8	n	-	p	-	-	-	f	g	-
λαχόντα	λαγχάνω	9	v	-	s	a	p	a	m	a	-
.	.	10	u	-	-	-	-	-	-	-	-

οὐ	οὐ	1	d	-	-	-	-	-	-	-	-
γὰρ	γάρ	2	d	-	-	-	-	-	-	-	-
ἔστιν	εἰμί	3	v	3	s	p	i	a	-	-	-
ἔπαλξις	ἔπαλξις	4	n	-	s	-	-	-	f	n	-
πλούτου	πλοῦτος	5	n	-	s	-	-	-	m	g	-
πρὸς	πρός	6	r	-	-	-	-	-	-	-	-
κόρον	κόρος	7	n	-	s	-	-	-	m	a	-
ἀνδρὶ	ἀνήρ	8	n	-	s	-	-	-	m	d	-
λακτίσαντι	λακτίζω	9	v	-	s	a	p	a	m	d	-
μέγαν	μέγας	10	a	-	s	-	-	-	m	a	-
Δίκας	δίκη	11	n	-	s	-	-	-	f	g	-
βωμὸν	βωμός	12	n	-	s	-	-	-	m	a	-
εἰς	εἰς	13	r	-	-	-	-	-	-	-	-
ἀφάνειαν	ἀφάνεια	14	n	-	s	-	-	-	f	a	-
.	.	15	u	-	-	-	-	-	-	-	-

βιᾶται	βιάω	1	v	3	s	p	i	e	-	-	-
δ'	δέ	2	d	-	-	-	-	-	-	-	-
ἁ	ὁ	3	l	-	s	-	-	-	f	n	-
τάλαινα	τάλας	4	a	-	s	-	-	-	f	n	-
πειθώ	πειθώ	5	n	-	s	-	-	-	f	n	-
,	,	6	u	-	-	-	-	-	-	-	-
προβούλου	πρόβουλος	7	a	-	s	-	-	-	f	g	-
παῖς	παῖς	8	n	-	s	-	-	-	f	n	-
ἄφερτος	ἄφερτος	9	a	-	s	-	-	-	f	n	-
ἄτας	ἄτη	10	n	-	s	-	-	-	f	g	-
.	.	11	u	-	-	-	-	-	-	-	-

ἄκος	ἄκος	1	n	-	s	-	-	-	n	n	-
δὲ	δέ	2	d	-	-	-	-	-	-	-	-
πᾶν	πᾶς	3	p	-	s	-	-	-	n	n	-
μάταιον	μάταιος	4	a	-	s	-	-	-	n	n	-
.	.	5	u	-	-	-	-	-	-	-	-

οὐκ	οὐ	1	d	-	-	-	-	-	-	-	-
ἐκρύφθη	κρύπτω	2	v	3	s	a	i	p	-	-	-
,	,	3	u	-	-	-	-	-	-	-	-
πρέπει	πρέπω	4	v	3	s	p	i	a	-	-	-
δέ	δέ	5	d	-	-	-	-	-	-	-	-
,	,	6	u	-	-	-	-	-	-	-	-
φῶς	φάος	7	n	-	s	-	-	-	n	n	-
αἰνολαμπές	αἰνολαμπής	8	a	-	s	-	-	-	n	n	-
,	,	9	u	-	-	-	-	-	-	-	-
σίνος	σίνος	10	n	-	s	-	-	-	n	n	-
·	·	11	u	-	-	-	-	-	-	-	-

κακοῦ	κακός	1	a	-	s	-	-	-	m	g	-
δὲ	δέ	2	d	-	-	-	-	-	-	-	-
χαλκοῦ	χαλκός	3	n	-	s	-	-	-	m	g	-
τρόπον	τρόπος	4	n	-	s	-	-	-	m	a	-
τρίβῳ	τρίβος	5	n	-	s	-	-	-	m	d	-
τε	τε	6	c	-	-	-	-	-	-	-	-
καὶ	καί	7	c	-	-	-	-	-	-	-	-
προσβολαῖς	προσβολή	8	n	-	p	-	-	-	f	d	-
μελαμπαγὴς	μελαμπαγής	9	a	-	s	-	-	-	m	n	-
πέλει	πέλω	10	v	3	s	p	i	a	-	-	-
δικαιωθείς	δικαιόω	11	v	-	s	a	p	p	m	n	-
,	,	12	u	-	-	-	-	-	-	-	-
ἐπεὶ	ἐπεί	13	c	-	-	-	-	-	-	-	-
διώκει	διώκω	14	v	3	s	p	i	a	-	-	-
παῖς	παῖς	15	n	-	s	-	-	-	m	n	-
ποτανὸν	ποτανός	16	a	-	s	-	-	-	m	a	-
ὄρνιν	ὄρνις	17	n	-	s	-	-	-	m	a	-
,	,	18	u	-	-	-	-	-	-	-	-
πόλει	πόλις	19	n	-	s	-	-	-	f	d	-
πρόστριμμ'	πρόστριμμα	20	n	-	s	-	-	-	n	a	-
ἄφερτον	ἄφερτος	21	a	-	s	-	-	-	n	a	-
ἐνθείς	ἐντίθημι	22	v	-	s	a	p	a	m	n	-
.	.	23	u	-	-	-	-	-	-	-	-

λιτᾶν	λιτή	1	n	-	p	-	-	-	f	g	-
δ'	δέ	2	d	-	-	-	-	-	-	-	-
ἀκούει	ἀκούω	3	v	3	s	p	i	a	-	-	-
μὲν	μέν	4	d	-	-	-	-	-	-	-	-
οὔτις	οὔτις	5	a	-	s	-	-	-	m	n	-
θεῶν	θεός	6	n	-	p	-	-	-	m	g	-
·	·	7	u	-	-	-	-	-	-	-	-

τὸν	ὁ	1	l	-	s	-	-	-	m	a	-
δ'	δέ	2	d	-	-	-	-	-	-	-	-
ἐπίστροφον	ἐπίστροφος	3	a	-	s	-	-	-	m	a	-
τῶν	ὁ	4	p	-	p	-	-	-	n	g	-
φῶτ'	φώς	5	n	-	s	-	-	-	m	a	-
ἄδικον	ἄδικος	6	a	-	s	-	-	-	m	a	-
καθαιρεῖ	καθαιρέω	7	v	3	s	p	i	a	-	-	-
.	.	8	u	-	-	-	-	-	-	-	-

οἷος	οἷος	1	p	-	s	-	-	-	m	n	-
καὶ	καί	2	c	-	-	-	-	-	-	-	-
Πάρις	Πάρις	3	n	-	s	-	-	-	m	n	-
ἐλθὼν	ἔρχομαι	4	v	-	s	a	p	a	m	n	-
ἐς	εἰς	5	r	-	-	-	-	-	-	-	-
δόμον	δόμος	6	n	-	s	-	-	-	m	a	-
τὸν	ὁ	7	l	-	s	-	-	-	m	a	-
Ἀτρειδᾶν	Ἀτρείδης	8	n	-	p	-	-	-	m	g	-
ᾔσχυνε	αἰσχύνω	9	v	3	s	i	i	a	-	-	-
ξενίαν	ξενία	10	n	-	s	-	-	-	f	a	-
τράπεζαν	τράπεζα	11	n	-	s	-	-	-	f	a	-
κλοπαῖσι	κλοπή	12	n	-	p	-	-	-	f	d	-
γυναικός	γυνή	13	n	-	s	-	-	-	f	g	-
.	.	14	u	-	-	-	-	-	-	-	-

λιποῦσα	λιπάω	1	v	-	s	p	p	a	f	n	-
δ'	δέ	2	d	-	-	-	-	-	-	-	-
ἀστοῖσιν	ἀστός	3	n	-	p	-	-	-	m	d	-
ἀσπίστοράς	ἀσπίστωρ	4	n	-	p	-	-	-	m	a	-
τε	τε	5	c	-	-	-	-	-	-	-	-
καὶ	καί	6	c	-	-	-	-	-	-	-	-
κλόνους	κλόνος	7	n	-	p	-	-	-	m	a	-
λογχίμους	λόγχιμος	8	a	-	p	-	-	-	m	a	-
ναυβάτας	ναυβάτης	9	n	-	p	-	-	-	m	a	-
θ'	τε	10	c	-	-	-	-	-	-	-	-
ὁπλισμούς	ὁπλισμός	11	n	-	p	-	-	-	m	a	-
,	,	12	u	-	-	-	-	-	-	-	-
ἄγουσά	ἄγω	13	v	-	s	p	p	a	f	n	-
τ'	τε	14	c	-	-	-	-	-	-	-	-
ἀντίφερνον	ἀντίφερνος	15	a	-	s	-	-	-	f	a	-
Ἰλίῳ	Ἴλιος	16	a	-	s	-	-	-	n	d	-
φθορὰν	φθορά	17	n	-	s	-	-	-	f	a	-
βέβακεν	βάζω	18	v	3	s	r	i	a	-	-	-
ῥίμφα	ῥίμφα	19	d	-	-	-	-	-	-	-	-
διὰ	διά	20	r	-	-	-	-	-	-	-	-
πυλᾶν	πύλη	21	n	-	p	-	-	-	f	g	-
ἄτλητα	ἄτλητος	22	a	-	p	-	-	-	n	a	-
τλᾶσα	τλάω	23	v	-	s	a	p	a	f	n	-
·	·	24	u	-	-	-	-	-	-	-	-

πολλὰ	πολύς	1	a	-	p	-	-	-	n	a	-
δ'	δέ	2	d	-	-	-	-	-	-	-	-
ἔστενον	στένω	3	v	3	p	i	i	a	-	-	-
τόδ'	ὅδε	4	p	-	s	-	-	-	n	a	-
ἐννέποντες	ἐνέπω	5	v	-	p	p	p	a	m	n	-
δόμων	δόμος	6	n	-	p	-	-	-	m	g	-
προφῆται	προφήτης	7	n	-	p	-	-	-	m	n	-
·	·	8	u	-	-	-	-	-	-	-	-

"	"	1	u	-	-	-	-	-	-	-	-
ἰὼ	ἰώ	2	i	-	-	-	-	-	-	-	-
ἰὼ	ἰώ	3	i	-	-	-	-	-	-	-	-
δῶμα	δῶμα	4	n	-	s	-	-	-	n	v	-
δῶμα	δῶμα	5	-	-	s	-	-	-	n	v	-
καὶ	καί	6	c	-	-	-	-	-	-	-	-
πρόμοι	πρόμος	7	n	-	p	-	-	-	m	v	-
,	,	8	u	-	-	-	-	-	-	-	-
ἰὼ	ἰώ	9	i	-	-	-	-	-	-	-	-
λέχος	λέχος	10	n	-	s	-	-	-	n	v	-
καὶ	καί	11	c	-	-	-	-	-	-	-	-
στίβοι	στίβος	12	n	-	p	-	-	-	m	v	-
φιλάνορες	φιλάνωρ	13	n	-	p	-	-	-	m	v	-
.	.	14	u	-	-	-	-	-	-	-	-

πάρεστι	πάρειμι	1	v	3	s	p	i	a	-	-	-
σιγὰς	σιγή	2	n	-	p	-	-	-	f	a	-
ἀτίμους	ἄτιμος	3	a	-	p	-	-	-	f	a	-
ἀλοιδόρους	ἀλοίδορος	4	a	-	p	-	-	-	f	a	-
ἄλγιστ'	ἀλγίων	5	a	-	p	-	-	-	n	a	-
ἀφημένων	ἄφημαι	6	v	-	p	p	p	e	m	g	-
ἰδεῖν	εἶδον	7	v	-	-	a	n	a	-	-	-
.	.	8	u	-	-	-	-	-	-	-	-

πόθῳ	πόθος	1	n	-	s	-	-	-	m	d	-
δ'	δέ	2	d	-	-	-	-	-	-	-	-
ὑπερποντίας	ὑπερπόντιος	3	a	-	s	-	-	-	f	g	-
φάσμα	φάσμα	4	n	-	s	-	-	-	n	n	-
δόξει	δοκέω	5	v	3	s	f	i	a	-	-	-
δόμων	δόμος	6	n	-	p	-	-	-	m	g	-
ἀνάσσειν	ἀνάσσω	7	v	-	-	p	n	a	-	-	-
.	.	8	u	-	-	-	-	-	-	-	-

εὐμόρφων	εὔμορφος	1	a	-	p	-	-	-	m	g	-
δὲ	δέ	2	d	-	-	-	-	-	-	-	-
κολοσσῶν	κολοσσός	3	n	-	p	-	-	-	m	g	-
ἔχθεται	ἔχθω	4	v	3	s	p	i	e	-	-	-
χάρις	χάρις	5	n	-	s	-	-	-	f	n	-
ἀνδρί	ἀνήρ	6	n	-	s	-	-	-	m	d	-
·	·	7	u	-	-	-	-	-	-	-	-

ὀμμάτων	ὄμμα	1	n	-	p	-	-	-	n	g	-
δ'	δέ	2	d	-	-	-	-	-	-	-	-
ἐν	ἐν	3	r	-	-	-	-	-	-	-	-
ἀχηνίαις	ἀχηνία	4	n	-	p	-	-	-	f	d	-
ἔρρει	ῥέω	5	v	3	s	i	i	a	-	-	-
πᾶσ'	πᾶς	6	p	-	s	-	-	-	f	n	-
Ἀφροδίτα	Ἀφροδίτη	7	n	-	s	-	-	-	f	n	-
.	.	8	u	-	-	-	-	-	-	-	-

ὀνειρόφαντοι	ὀνειρόφαντος	1	a	-	p	-	-	-	f	n	-
δὲ	δέ	2	d	-	-	-	-	-	-	-	-
πενθήμονες	πενθήμων	3	a	-	p	-	-	-	f	n	-
πάρεισι	πάρειμι	4	v	3	p	p	i	a	-	-	-
δόξαι	δόξα	5	n	-	p	-	-	-	f	n	-
φέρουσαι	φέρω	6	v	-	p	p	p	a	f	n	-
χάριν	χάρις	7	n	-	s	-	-	-	f	a	-
ματαίαν	μάταιος	8	a	-	s	-	-	-	f	a	-
.	.	9	u	-	-	-	-	-	-	-	-

μάταν	μάτην	1	d	-	-	-	-	-	-	-	-
γάρ	γάρ	2	d	-	-	-	-	-	-	-	-
,	,	3	u	-	-	-	-	-	-	-	-
εὖτ'	εὖτε	4	c	-	-	-	-	-	-	-	-
ἂν	ἄν	5	d	-	-	-	-	-	-	-	-
ἐσθλά	ἐσθλός	6	a	-	p	-	-	-	n	a	-
τις	τις	7	p	-	s	-	-	-	m	n	-
δοκῶν	δοκέω	8	v	-	s	p	p	a	m	n	-
ὁρᾷ	ὁράω	9	v	3	s	p	i	a	-	-	-
,	,	10	u	-	-	-	-	-	-	-	-
παραλλάξασα	παραλλάσσω	11	v	-	s	a	p	a	f	n	-
διὰ	διά	12	r	-	-	-	-	-	-	-	-
χερῶν	χείρ	13	n	-	p	-	-	-	f	g	-
βέβακεν	βάζω	14	v	3	s	r	i	a	-	-	-
ὄψις	ὄψις	15	n	-	s	-	-	-	f	n	-
οὐ	οὐ	16	d	-	-	-	-	-	-	-	-
μεθύστερον	μεθύστερος	17	a	-	s	-	-	-	m	a	-
πτεροῖς	πτερόν	18	n	-	p	-	-	-	n	d	-
ὀπαδοῦσ'	ὀπαδέω	19	v	-	p	p	p	a	f	n	-
ὕπνου	ὕπνος	20	n	-	s	-	-	-	m	g	-
κελεύθοις	κέλευθος	21	n	-	p	-	-	-	f	d	-
.	.	22	u	-	-	-	-	-	-	-	-
"	"	23	u	-	-	-	-	-	-	-	-

τὰ	ὁ	1	l	-	p	-	-	-	n	n	-
μὲν	μέν	2	d	-	-	-	-	-	-	-	-
κατ'	κατά	3	r	-	-	-	-	-	-	-	-
οἴκους	οἶκος	4	n	-	p	-	-	-	m	a	-
ἐφ'	ἐπί	5	r	-	-	-	-	-	-	-	-
ἑστίας	ἑστία	6	n	-	s	-	-	-	f	g	-
ἄχη	ἄχος	7	n	-	p	-	-	-	n	n	-
τάδ'	ὅδε	8	p	-	p	-	-	-	n	n	-
ἐστὶ	εἰμί	9	v	3	s	p	i	a	-	-	-
καὶ	καί	10	c	-	-	-	-	-	-	-	-
τῶνδ'	ὅδε	11	p	-	p	-	-	-	n	g	-
ὑπερβατώτερα	ὑπερβατός	12	a	-	p	-	-	-	n	n	c
.	.	13	u	-	-	-	-	-	-	-	-

τὸ	ὁ	1	l	-	s	-	-	-	n	a	-
πᾶν	πᾶς	2	p	-	s	-	-	-	n	a	-
δ'	δέ	3	d	-	-	-	-	-	-	-	-
ἀφ'	ἀπό	4	r	-	-	-	-	-	-	-	-
Ἕλλανος	Ἕλλην	5	n	-	s	-	-	-	f	g	-
αἴας	αἶα	6	n	-	s	-	-	-	f	g	-
συνορμένοις	συνόρνυμαι	7	v	-	p	a	p	m	m	d	-
πένθει'	πένθεια	8	n	-	s	-	-	-	f	n	-
ἀτλησικάρδιος	ἀτλησικάρδιος	9	a	-	s	-	-	-	f	n	-
δόμων	δόμος	10	n	-	p	-	-	-	m	g	-
ἑκάστου	ἕκαστος	11	p	-	s	-	-	-	m	g	-
πρέπει	πρέπω	12	v	3	s	p	i	a	-	-	-
.	.	13	u	-	-	-	-	-	-	-	-

πολλὰ	πολύς	1	a	-	p	-	-	-	n	n	-
γοῦν	γοῦν	2	d	-	-	-	-	-	-	-	-
θιγγάνει	θιγγάνω	3	v	3	s	p	i	a	-	-	-
πρὸς	πρός	4	r	-	-	-	-	-	-	-	-
ἧπαρ	ἧπαρ	5	n	-	s	-	-	-	n	a	-
·	·	6	u	-	-	-	-	-	-	-	-

οὓς	ὅς	1	p	-	p	-	-	-	m	a	-
μὲν	μέν	2	d	-	-	-	-	-	-	-	-
γάρ	γάρ	3	d	-	-	-	-	-	-	-	-
τις	τις	4	p	-	s	-	-	-	m	n	-
ἔπεμψεν	πέμπω	5	v	3	s	a	i	a	-	-	-
οἶδεν	οἶδα	6	v	3	s	r	i	a	-	-	-
,	,	7	u	-	-	-	-	-	-	-	-
ἀντὶ	ἀντί	8	r	-	-	-	-	-	-	-	-
δὲ	δέ	9	d	-	-	-	-	-	-	-	-
φωτῶν	φώς	10	n	-	p	-	-	-	m	g	-
τεύχη	τεῦχος	11	n	-	p	-	-	-	n	n	-
καὶ	καί	12	c	-	-	-	-	-	-	-	-
σποδὸς	σποδός	13	n	-	s	-	-	-	f	n	-
εἰς	εἰς	14	r	-	-	-	-	-	-	-	-
ἑκάστου	ἕκαστος	15	p	-	s	-	-	-	m	g	-
δόμους	δόμος	16	n	-	p	-	-	-	m	a	-
ἀφικνεῖται	ἀφικνέομαι	17	v	3	s	p	i	e	-	-	-
.	.	18	u	-	-	-	-	-	-	-	-

ὁ	ὁ	1	l	-	s	-	-	-	m	n	-
χρυσαμοιβὸς	χρυσαμοιβός	2	n	-	s	-	-	-	m	n	-
δ'	δέ	3	d	-	-	-	-	-	-	-	-
Ἄρης	Ἄρης	4	n	-	s	-	-	-	m	n	-
σωμάτων	σῶμα	5	n	-	p	-	-	-	n	g	-
καὶ	καί	6	c	-	-	-	-	-	-	-	-
ταλαντοῦχος	ταλαντοῦχος	7	a	-	s	-	-	-	m	n	-
ἐν	ἐν	8	r	-	-	-	-	-	-	-	-
μάχῃ	μάχη	9	n	-	s	-	-	-	f	d	-
δορὸς	δόρυ	10	n	-	s	-	-	-	n	g	-
πυρωθὲν	πυρόω	11	v	-	s	a	p	p	n	a	-
ἐξ	ἐκ	12	r	-	-	-	-	-	-	-	-
Ἰλίου	Ἴλιος	13	a	-	s	-	-	-	f	g	-
φίλοισι	φίλος	14	a	-	p	-	-	-	m	d	-
πέμπει	πέμπω	15	v	3	s	p	i	a	-	-	-
βαρὺ	βαρύς	16	a	-	s	-	-	-	n	a	-
ψῆγμα	ψῆγμα	17	n	-	s	-	-	-	n	a	-
δυσδάκρυτον	δυσδάκρυτος	18	a	-	s	-	-	-	n	a	-
ἀντήνορος	ἀντήνωρ	19	a	-	s	-	-	-	f	g	-
σποδοῦ	σποδός	20	n	-	s	-	-	-	f	g	-
γεμίζων	γεμίζω	21	v	-	s	p	p	a	m	n	-
λέβητας	λέβης	22	n	-	p	-	-	-	m	a	-
εὐθέτους	εὔθετος	23	a	-	p	-	-	-	m	a	-
.	.	24	u	-	-	-	-	-	-	-	-

στένουσι	στένω	1	v	3	p	p	i	a	-	-	-
δ'	δέ	2	d	-	-	-	-	-	-	-	-
εὖ	εὖ	3	d	-	-	-	-	-	-	-	-
λέγοντες	λέγω	4	v	-	p	p	p	a	m	n	-
ἄνδρα	ἀνήρ	5	n	-	s	-	-	-	m	a	-
τὸν	ὁ	6	l	-	s	-	-	-	m	a	-
μὲν	μέν	7	d	-	-	-	-	-	-	-	-
ὡς	ὡς	8	c	-	-	-	-	-	-	-	-
μάχης	μάχη	9	n	-	s	-	-	-	f	g	-
ἴδρις	ἴδρις	10	n	-	s	-	-	-	-	n	-
,	,	11	u	-	-	-	-	-	-	-	-
τὸν	ὁ	12	p	-	s	-	-	-	m	a	-
δ'	δέ	13	d	-	-	-	-	-	-	-	-
ἐν	ἐν	14	r	-	-	-	-	-	-	-	-
φοναῖς	φονή	15	n	-	p	-	-	-	f	d	-
καλῶς	καλός	16	d	-	-	-	-	-	-	-	-
πεσόντ'	πίπτω	17	v	-	s	a	p	a	m	a	-
-	-	18	u	-	-	-	-	-	-	-	-
ἀλλοτρίας	ἀλλότριος	19	a	-	p	-	-	-	f	a	-
διαὶ	διά	20	r	-	-	-	-	-	-	-	-
γυναικός	γυνή	21	n	-	s	-	-	-	f	g	-
·	·	22	u	-	-	-	-	-	-	-	-

τάδε	ὅδε	1	p	-	p	-	-	-	n	a	-
σῖγά	σῖγα	2	d	-	-	-	-	-	-	-	-
τις	τις	3	p	-	s	-	-	-	m	n	-
βαΰζει	βαύζω	4	v	3	s	p	i	a	-	-	-
,	,	5	u	-	-	-	-	-	-	-	-
φθονερὸν	φθονερός	6	a	-	s	-	-	-	m	a	-
δ'	δέ	7	d	-	-	-	-	-	-	-	-
ὑπ'	ὑπό	8	r	-	-	-	-	-	-	-	-
ἄλγος	ἄλγος	9	n	-	s	-	-	-	n	n	-
ἕρπει	ἕρπω	10	v	3	s	p	i	a	-	-	-
προδίκοις	πρόδικος	11	n	-	p	-	-	-	m	d	-
Ἀτρείδαις	̓ἀτρείδης	12	n	-	p	-	-	-	m	d	-
.	.	13	u	-	-	-	-	-	-	-	-

οἱ	ὁ	1	p	-	p	-	-	-	m	n	-
δ'	δέ	2	d	-	-	-	-	-	-	-	-
αὐτοῦ	αὐτοῦ	3	d	-	-	-	-	-	-	-	-
περὶ	περί	4	r	-	-	-	-	-	-	-	-
τεῖχος	τεῖχος	5	n	-	s	-	-	-	n	a	-
θήκας	θήκη	6	n	-	p	-	-	-	f	a	-
Ἰλιάδος	Ἰλιάς	7	n	-	s	-	-	-	f	g	-
γᾶς	γῆ	8	n	-	s	-	-	-	f	g	-
εὔμορφοι	εὔμορφος	9	a	-	p	-	-	-	m	n	-
κατέχουσιν	κατέχω	10	v	3	p	p	i	a	-	-	-
·	·	11	u	-	-	-	-	-	-	-	-

ἐχθρὰ	ἐχθρός	1	a	-	s	-	-	-	f	n	-
δ'	δέ	2	d	-	-	-	-	-	-	-	-
ἔχοντας	ἔχω	3	v	-	p	p	p	a	m	a	-
ἔκρυψεν	κρύπτω	4	v	3	s	a	i	a	-	-	-
.	.	5	u	-	-	-	-	-	-	-	-

βαρεῖα	βαρύς	1	a	-	s	-	-	-	f	n	-
δ'	δέ	2	d	-	-	-	-	-	-	-	-
ἀστῶν	ἀστός	3	n	-	p	-	-	-	m	g	-
φάτις	φάτις	4	n	-	s	-	-	-	f	n	-
ξὺν	σύν	5	r	-	-	-	-	-	-	-	-
κότῳ	κότος	6	n	-	s	-	-	-	m	d	-
·	·	7	u	-	-	-	-	-	-	-	-

δημοκράντου	δημόκραντος	1	a	-	s	-	-	-	f	g	-
δ'	δέ	2	d	-	-	-	-	-	-	-	-
ἀρᾶς	ἀρά	3	n	-	s	-	-	-	f	g	-
τίνει	τίνω	4	v	3	s	p	i	a	-	-	-
χρέος	χρέος	5	n	-	s	-	-	-	n	a	-
.	.	6	u	-	-	-	-	-	-	-	-

μένει	μένω	1	v	3	s	p	i	a	-	-	-
δ'	δέ	2	d	-	-	-	-	-	-	-	-
ἀκοῦσαί	ἀκούω	3	v	-	-	a	n	a	-	-	-
τί	τις	4	p	-	s	-	-	-	n	a	-
μου	ἐγώ	5	p	-	s	-	-	-	m	g	-
μέριμνα	μέριμνα	6	n	-	s	-	-	-	f	n	-
νυκτηρεφές	νυκτηρεφής	7	a	-	s	-	-	-	n	a	-
.	.	8	u	-	-	-	-	-	-	-	-

τῶν	ὁ	1	l	-	p	-	-	-	m	g	-
πολυκτόνων	πολυκτόνος	2	a	-	p	-	-	-	m	g	-
γὰρ	γάρ	3	d	-	-	-	-	-	-	-	-
οὐκ	οὐ	4	d	-	-	-	-	-	-	-	-
ἄσκοποι	ἄσκοπος	5	a	-	p	-	-	-	m	n	-
θεοί	θεός	6	n	-	p	-	-	-	m	n	-
.	.	7	u	-	-	-	-	-	-	-	-

κελαιναὶ	κελαινός	1	a	-	p	-	-	-	f	n	-
δ'	δέ	2	d	-	-	-	-	-	-	-	-
Ἐρινύες	Ἐρινύς	3	n	-	p	-	-	-	f	n	-
χρόνῳ	χρόνος	4	n	-	s	-	-	-	m	d	-
τυχηρὸν	τυχηρός	5	a	-	s	-	-	-	m	a	-
ὄντ'	εἰμί	6	v	-	s	p	p	a	m	a	-
ἄνευ	ἄνευ	7	r	-	-	-	-	-	-	-	-
δίκας	δίκη	8	n	-	p	-	-	-	f	a	-
παλιντυχεῖ	παλιντυχής	9	a	-	s	-	-	-	f	d	-
τριβᾷ	τριβή	10	n	-	s	-	-	-	f	d	-
βίου	βίος	11	n	-	s	-	-	-	m	g	-
τιθεῖσ'	τίθημι	12	v	3	p	p	i	a	-	-	-
ἀμαυρόν	ἀμαυρός	13	a	-	s	-	-	-	m	a	-
,	,	14	u	-	-	-	-	-	-	-	-
ἐν	ἐν	15	r	-	-	-	-	-	-	-	-
δ'	δέ	16	d	-	-	-	-	-	-	-	-
ἀίστοις	ἀίστός	17	a	-	p	-	-	-	m	d	-
τελέθοντος	τελέθω	18	v	-	s	p	p	a	m	g	-
οὔτις	οὔτις	19	a	-	s	-	-	-	f	n	-
ἀλκά	ἀλκή	20	n	-	s	-	-	-	f	n	-
·	·	21	u	-	-	-	-	-	-	-	-

τὸ	ὁ	1	l	-	s	-	-	-	n	n	-
δ'	δέ	2	d	-	-	-	-	-	-	-	-
ὑπερκόπως	ὑπέρκοπος	3	d	-	-	-	-	-	-	-	-
κλύειν	κλύω	4	v	-	-	p	n	a	-	-	-
εὖ	εὖ	5	d	-	-	-	-	-	-	-	-
βαρύ	βαρύς	6	a	-	s	-	-	-	n	n	-
·	·	7	u	-	-	-	-	-	-	-	-

βάλλεται	βάλλω	1	v	3	s	p	i	e	-	-	-
γὰρ	γάρ	2	d	-	-	-	-	-	-	-	-
ὄσσοις	ὄσσε	3	n	-	p	-	-	-	m	d	-
Διόθεν	Ζεύς	4	d	-	-	-	-	-	-	-	-
κάρανα	κάρηνον	5	n	-	p	-	-	-	n	n	-
.	.	6	u	-	-	-	-	-	-	-	-

κρίνω	κρίνω	1	v	1	s	p	i	a	-	-	-
δ'	δέ	2	d	-	-	-	-	-	-	-	-
ἄφθονον	ἄφθονος	3	a	-	s	-	-	-	m	a	-
ὄλβον	ὄλβος	4	n	-	s	-	-	-	m	a	-
·	·	5	u	-	-	-	-	-	-	-	-

μή	μήτε	1	c	-	-	-	-	-	-	-	-
τ'	μήτε	2	c	-	-	-	-	-	-	-	-
εἴην	εἰμί	3	v	1	s	p	o	a	-	-	-
πτολιπόρθης	πτολιπόρθης	4	n	-	s	-	-	-	m	n	-
μή	μήτε	5	c	-	-	-	-	-	-	-	-
τ'	μήτε	6	c	-	-	-	-	-	-	-	-
οὖν	οὖν	7	d	-	-	-	-	-	-	-	-
αὐτὸς	αὐτός	8	p	-	s	-	-	-	m	n	-
ἁλοὺς	ἁλίσκομαι	9	v	-	s	a	p	a	m	n	-
ὑπ'	ὑπό	10	r	-	-	-	-	-	-	-	-
ἄλλων	ἄλλος	11	p	-	p	-	-	-	m	g	-
βίον	βίος	12	n	-	s	-	-	-	m	a	-
κατίδοιμι	κατεῖδον	13	v	1	s	a	o	a	-	-	-
.	.	14	u	-	-	-	-	-	-	-	-

πυρὸς	πῦρ	1	n	-	s	-	-	-	n	g	-
δ'	δέ	2	d	-	-	-	-	-	-	-	-
ὑπ'	ὑπό	3	r	-	-	-	-	-	-	-	-
εὐαγγέλου	εὐάγγελος	4	a	-	s	-	-	-	n	g	-
πόλιν	πόλις	5	n	-	s	-	-	-	f	a	-
διήκει	διήκω	6	v	3	s	p	i	a	-	-	-
θοὰ	θοός	7	a	-	s	-	-	-	f	n	-
βάξις	βάξις	8	n	-	s	-	-	-	f	n	-
·	·	9	u	-	-	-	-	-	-	-	-

εἰ	εἰ	1	c	-	-	-	-	-	-	-	-
δ'	δέ	2	d	-	-	-	-	-	-	-	-
ἐτήτυμος	ἐτήτυμος	3	a	-	s	-	-	-	f	n	-
,	,	4	u	-	-	-	-	-	-	-	-
τίς	τίς	5	p	-	s	-	-	-	m	n	-
οἶδεν	οἶδα	6	v	3	s	r	i	a	-	-	-
,	,	7	u	-	-	-	-	-	-	-	-
ἤ	ἤ	8	c	-	-	-	-	-	-	-	-
τι	τις	9	p	-	s	-	-	-	n	n	-
θεῖόν	θεῖος	10	a	-	s	-	-	-	n	n	-
ἐστί	εἰμί	11	v	3	s	p	i	a	-	-	-
πῃ	πη	12	d	-	-	-	-	-	-	-	-
ψύθος	ψύθος	13	n	-	s	-	-	-	n	n	-
.	.	14	u	-	-	-	-	-	-	-	-

-	-	1	u	-	-	-	-	-	-	-	-
τίς	τίς	2	p	-	s	-	-	-	m	n	-
ὧδε	ὧδε	3	d	-	-	-	-	-	-	-	-
παιδνὸς	παιδνός	4	a	-	s	-	-	-	m	n	-
ἢ	ἤ	5	c	-	-	-	-	-	-	-	-
φρενῶν	φρήν	6	n	-	p	-	-	-	f	g	-
κεκομμένος	κόπτω	7	v	-	s	r	p	e	m	n	-
,	,	8	u	-	-	-	-	-	-	-	-
φλογὸς	φλόξ	9	n	-	s	-	-	-	f	g	-
παραγγέλμασιν	παράγγελμα	10	n	-	p	-	-	-	n	d	-
νέοις	νέος	11	a	-	p	-	-	-	n	d	-
πυρωθέντα	πυρόω	12	v	-	s	a	p	p	m	a	-
καρδίαν	καρδία	13	n	-	s	-	-	-	f	a	-
ἔπειτ'	ἔπειτα	14	d	-	-	-	-	-	-	-	-
ἀλλαγᾷ	ἀλλαγή	15	n	-	s	-	-	-	f	d	-
λόγου	λόγος	16	n	-	s	-	-	-	m	g	-
καμεῖν	κάμνω	17	v	-	-	a	n	a	-	-	-
;-	;-	18	-	-	-	-	-	-	-	-	-

[ἐν]	[ἐν]	1	r	-	-	-	-	-	-	-	-
γυναικὸς	γυνή	2	n	-	s	-	-	-	f	g	-
αἰχμᾷ	αἰχμή	3	n	-	s	-	-	-	f	d	-
πρέπει	πρέπω	4	v	3	s	p	i	a	-	-	-
πρὸ	πρό	5	r	-	-	-	-	-	-	-	-
τοῦ	ὁ	6	l	-	s	-	-	-	n	g	-
φανέντος	φαίνω	7	v	-	s	a	p	p	n	g	-
χάριν	χάρις	8	n	-	s	-	-	-	f	a	-
ξυναινέσαι	συναινέω	9	v	-	-	a	n	a	-	-	-
.	.	10	u	-	-	-	-	-	-	-	-

-	-	1	u	-	-	-	-	-	-	-	-
πιθανὸς	πιθανός	2	a	-	s	-	-	-	m	n	-
ἄγαν	ἄγαν	3	d	-	-	-	-	-	-	-	-
ὁ	ὁ	4	l	-	s	-	-	-	m	n	-
θῆλυς	θῆλυς	5	a	-	s	-	-	-	m	n	-
ὅρος	ὅρος	6	n	-	s	-	-	-	m	n	-
ἐπινέμεται	ἐπινέμω	7	v	3	s	p	i	e	-	-	-
ταχύπορος	ταχύπορος	8	a	-	s	-	-	-	m	n	-
·	·	9	u	-	-	-	-	-	-	-	-

ἀλλὰ	ἀλλά	1	d	-	-	-	-	-	-	-	-
ταχύμορον	ταχύμορος	2	a	-	s	-	-	-	n	n	-
γυναικογήρυτον	γυναικογήρυτος	3	a	-	s	-	-	-	n	n	-
ὄλλυται	ὄλλυμι	4	v	3	s	p	i	e	-	-	-
κλέος	κλέος	5	n	-	s	-	-	-	n	n	-
.	.	6	u	-	-	-	-	-	-	-	-

τάχ'	τάχα	1	d	-	-	-	-	-	-	-	-
εἰσόμεσθα	οἶδα	2	v	1	p	f	i	m	-	-	-
λαμπάδων	λαμπάς	3	n	-	p	-	-	-	f	g	-
φαεσφόρων	φαεσφόρος	4	a	-	p	-	-	-	f	g	-
φρυκτωριῶν	φρυκτωρία	5	n	-	p	-	-	-	f	g	-
τε	τε	6	c	-	-	-	-	-	-	-	-
καὶ	καί	7	c	-	-	-	-	-	-	-	-
πυρὸς	πῦρ	8	n	-	s	-	-	-	n	g	-
παραλλαγάς	παραλλαγή	9	n	-	p	-	-	-	f	a	-
,	,	10	u	-	-	-	-	-	-	-	-
εἴ	εἴτε	11	c	-	-	-	-	-	-	-	-
τ'	εἴτε	12	c	-	-	-	-	-	-	-	-
οὖν	οὖν	13	d	-	-	-	-	-	-	-	-
ἀληθεῖς	ἀληθής	14	a	-	p	-	-	-	f	n	-
εἴ'	εἴτε	15	c	-	-	-	-	-	-	-	-
τ'	εἴτε	16	c	-	-	-	-	-	-	-	-
ὀνειράτων	ὄνειρος	17	n	-	p	-	-	-	n	g	-
δίκην	δίκη	18	n	-	s	-	-	-	f	a	-
τερπνὸν	τερπνός	19	a	-	s	-	-	-	n	n	-
τόδ'	ὅδε	20	p	-	s	-	-	-	n	n	-
ἐλθὸν	ἔρχομαι	21	v	-	s	a	p	a	n	n	-
φῶς	φάος	22	n	-	s	-	-	-	n	n	-
ἐφήλωσεν	φηλόω	23	v	3	s	a	i	a	-	-	-
φρένας	φρήν	24	n	-	p	-	-	-	f	a	-
.	.	25	u	-	-	-	-	-	-	-	-

κήρυκ'	κῆρυξ	1	n	-	s	-	-	-	m	a	-
ἀπ'	ἀπό	2	r	-	-	-	-	-	-	-	-
ἀκτῆς	ἀκτή	3	n	-	s	-	-	-	f	g	-
τόνδ'	ὅδε	4	p	-	s	-	-	-	m	a	-
ὁρῶ	ὁράω	5	v	1	s	p	i	a	-	-	-
κατάσκιον	κατάσκιος	6	a	-	s	-	-	-	m	a	-
κλάδοις	κλάδος	7	n	-	p	-	-	-	m	d	-
ἐλαίας	ἐλαία	8	n	-	s	-	-	-	f	g	-
·	·	9	u	-	-	-	-	-	-	-	-

μαρτυρεῖ	μαρτυρέω	1	v	3	s	p	i	a	-	-	-
δέ	δέ	2	d	-	-	-	-	-	-	-	-
μοι	ἐγώ	3	p	-	s	-	-	-	m	d	-
κάσις	κάσις	4	n	-	s	-	-	-	m	n	-
πηλοῦ	πηλός	5	n	-	s	-	-	-	m	g	-
ξύνουρος	σύνορος	6	a	-	s	-	-	-	m	n	-
διψία	δίψιος	7	a	-	s	-	-	-	f	n	-
κόνις	κόνις	8	n	-	s	-	-	-	f	n	-
τάδε	ὅδε	9	p	-	p	-	-	-	n	a	-
,	,	10	u	-	-	-	-	-	-	-	-
ὡς	ὡς	11	c	-	-	-	-	-	-	-	-
οὔ	οὔτε	12	c	-	-	-	-	-	-	-	-
τ'	τε	13	c	-	-	-	-	-	-	-	-
ἄναυδος	ἄναυδος	14	a	-	s	-	-	-	m	n	-
οὔ	οὔτε	15	c	-	-	-	-	-	-	-	-
τε	τε	16	c	-	-	-	-	-	-	-	-
σοι	σύ	17	p	-	s	-	-	-	-	d	-
δαίων	δαίω	18	v	-	s	p	p	a	m	n	-
φλόγα	φλόξ	19	n	-	s	-	-	-	f	a	-
ὕλης	ὕλη	20	n	-	s	-	-	-	f	g	-
ὀρείας	ὄρειος	21	a	-	s	-	-	-	f	g	-
σημανεῖ	σημαίνω	22	v	3	s	f	i	a	-	-	-
καπνῷ	καπνός	23	n	-	s	-	-	-	m	d	-
πυρός	πῦρ	24	n	-	s	-	-	-	n	g	-
,	,	25	u	-	-	-	-	-	-	-	-
ἀλλ'	ἀλλά	26	d	-	-	-	-	-	-	-	-
ἢ	ἤ	27	c	-	-	-	-	-	-	-	-
τὸ	ὁ	28	l	-	s	-	-	-	n	a	-
χαίρειν	χαίρω	29	v	-	-	p	n	a	-	-	-
μᾶλλον	μᾶλλον	30	d	-	-	-	-	-	-	-	c
ἐκβάξει	ἐκβάζω	31	v	3	s	f	i	a	-	-	-
λέγων	λέγω	32	v	-	s	p	p	a	m	n	-
-	-	33	u	-	-	-	-	-	-	-	-
τὸν	ὁ	34	l	-	s	-	-	-	m	a	-
ἀντίον	ἀντίος	35	a	-	s	-	-	-	m	a	-
δὲ	δέ	36	d	-	-	-	-	-	-	-	-
τοῖσδ'	ὅδε	37	p	-	p	-	-	-	m	d	-
ἀποστέργω	ἀποστέργω	38	v	1	s	p	s	a	-	-	-
λόγον	λόγος	39	n	-	s	-	-	-	m	a	-
·	·	40	u	-	-	-	-	-	-	-	-

εὖ	εὖ	1	d	-	-	-	-	-	-	-	-
γὰρ	γάρ	2	d	-	-	-	-	-	-	-	-
πρὸς	πρός	3	r	-	-	-	-	-	-	-	-
εὖ	εὖ	4	d	-	-	-	-	-	-	-	-
φανεῖσι	φαίνω	5	v	-	p	a	p	p	n	d	-
προσθήκη	προσθήκη	6	n	-	s	-	-	-	f	n	-
πέλοι	πέλω	7	v	3	s	p	o	a	-	-	-
.	.	8	u	-	-	-	-	-	-	-	-

-	-	1	u	-	-	-	-	-	-	-	-
ὅστις	ὅστις	2	p	-	s	-	-	-	m	n	-
τάδ'	ὅδε	3	p	-	p	-	-	-	n	a	-
ἄλλως	ἄλλως	4	d	-	-	-	-	-	-	-	-
τῇδ'	ὅδε	5	p	-	s	-	-	-	f	d	-
ἐπεύχεται	ἐπεύχομαι	6	v	3	s	p	i	e	-	-	-
πόλει	πόλις	7	n	-	s	-	-	-	f	d	-
,	,	8	u	-	-	-	-	-	-	-	-
αὐτὸς	αὐτός	9	p	-	s	-	-	-	m	n	-
φρενῶν	φρήν	10	n	-	p	-	-	-	f	g	-
καρποῖτο	καρπόω	11	v	3	s	p	o	e	-	-	-
τὴν	ὁ	12	l	-	s	-	-	-	f	a	-
ἁμαρτίαν	ἁμαρτία	13	n	-	s	-	-	-	f	a	-
.	.	14	u	-	-	-	-	-	-	-	-

ἰὼ	ἰώ	1	i	-	-	-	-	-	-	-	-
πατρῷον	πατρῷος	2	a	-	s	-	-	-	n	v	-
οὖδας	οὖδας	3	n	-	s	-	-	-	n	v	-
Ἀργείας	Ἀργεῖος	4	a	-	s	-	-	-	f	g	-
χθονός	χθών	5	n	-	s	-	-	-	f	g	-
,	,	6	u	-	-	-	-	-	-	-	-
δεκάτου	δέκατος	7	a	-	s	-	-	-	n	g	-
σε	σύ	8	p	-	s	-	-	-	n	a	-
φέγγει	φέγγος	9	n	-	s	-	-	-	n	d	-
τῷδ'	ὅδε	10	p	-	s	-	-	-	n	d	-
ἀφικόμην	ἀφικνέομαι	11	v	1	s	a	i	m	-	-	-
ἔτους	ἔτος	12	n	-	s	-	-	-	n	g	-
,	,	13	u	-	-	-	-	-	-	-	-
πολλῶν	πολύς	14	a	-	p	-	-	-	f	g	-
ῥαγεισῶν	ῥήγνυμι	15	v	-	p	a	p	p	f	g	-
ἐλπίδων	ἐλπίς	16	n	-	p	-	-	-	f	g	-
μιᾶς	εἷς	17	a	-	s	-	-	-	f	g	-
τυχών	τυγχάνω	18	v	-	s	a	p	a	m	n	-
.	.	19	u	-	-	-	-	-	-	-	-

οὐ	οὐ	1	d	-	-	-	-	-	-	-	-
γάρ	γάρ	2	d	-	-	-	-	-	-	-	-
ποτ'	ποτέ	3	d	-	-	-	-	-	-	-	-
ηὔχουν	αὐχέω	4	v	1	s	i	i	a	-	-	-
τῇδ'	ὅδε	5	p	-	s	-	-	-	f	d	-
ἐν	ἐν	6	r	-	-	-	-	-	-	-	-
Ἀργείᾳ	Ἀργεῖος	7	a	-	s	-	-	-	f	d	-
χθονὶ	χθών	8	n	-	s	-	-	-	f	d	-
θανὼν	θνήσκω	9	v	-	s	a	p	a	m	n	-
μεθέξειν	μετέχω	10	v	-	-	f	n	a	-	-	-
φιλτάτου	φίλος	11	a	-	s	-	-	-	m	g	s
τάφου	τάφος	12	n	-	s	-	-	-	m	g	-
μέρος	μέρος	13	n	-	s	-	-	-	n	a	-
.	.	14	u	-	-	-	-	-	-	-	-

νῦν	νῦν	1	d	-	-	-	-	-	-	-	-
χαῖρε	χαίρω	2	v	2	s	p	m	a	-	-	-
μὲν	μέν	3	d	-	-	-	-	-	-	-	-
χθών	χθών	4	n	-	s	-	-	-	f	v	-
,	,	5	u	-	-	-	-	-	-	-	-
χαῖρε	χαίρω	6	v	2	s	p	m	a	-	-	-
δ'	δέ	7	d	-	-	-	-	-	-	-	-
ἡλίου	ἥλιος	8	n	-	s	-	-	-	m	g	-
φάος	φάος	9	n	-	s	-	-	-	n	v	-
,	,	10	u	-	-	-	-	-	-	-	-
ὕπατός	ὕπατος	11	a	-	s	-	-	-	m	n	-
τε	τε	12	c	-	-	-	-	-	-	-	-
χώρας	χώρα	13	n	-	s	-	-	-	f	g	-
Ζεύς	Ζεύς	14	n	-	s	-	-	-	m	n	-
,	,	15	u	-	-	-	-	-	-	-	-
ὁ	ὁ	16	l	-	s	-	-	-	m	n	-
Πύθιός	Πύθιος	17	a	-	s	-	-	-	m	n	-
τ'	τε	18	c	-	-	-	-	-	-	-	-
ἄναξ	ἄναξ	19	n	-	s	-	-	-	m	n	-
,	,	20	u	-	-	-	-	-	-	-	-
τόξοις	τόξον	21	n	-	p	-	-	-	n	d	-
ἰάπτων	ἰάπτω	22	v	-	s	p	p	a	m	n	-
μηκέτ'	μηκέτι	23	d	-	-	-	-	-	-	-	-
εἰς	εἰς	24	r	-	-	-	-	-	-	-	-
ἡμᾶς	ἐγώ	25	p	-	p	-	-	-	m	a	-
βέλη	βέλος	26	n	-	p	-	-	-	n	a	-
·	·	27	u	-	-	-	-	-	-	-	-

ἅλις	ἅλις	1	d	-	-	-	-	-	-	-	-
παρὰ	παρά	2	r	-	-	-	-	-	-	-	-
Σκάμανδρον	Σκάμανδρος	3	n	-	s	-	-	-	m	a	-
ἦσθ'	εἰμί	4	v	2	s	i	i	a	-	-	-
ἀνάρσιος	ἀνάρσιος	5	a	-	s	-	-	-	m	n	-
·	·	6	u	-	-	-	-	-	-	-	-

νῦν	νῦν	1	d	-	-	-	-	-	-	-	-
δ'	δέ	2	d	-	-	-	-	-	-	-	-
αὖτε	αὖτε	3	d	-	-	-	-	-	-	-	-
σωτὴρ	σωτήρ	4	n	-	s	-	-	-	m	n	-
ἴσθι	εἰμί	5	v	2	s	p	m	a	-	-	-
καὶ	καί	6	c	-	-	-	-	-	-	-	-
παιώνιος	παιώνιος	7	n	-	s	-	-	-	m	n	-
,	,	8	u	-	-	-	-	-	-	-	-
ἄναξ	ἄναξ	9	n	-	s	-	-	-	m	v	-
Ἄπολλον	Ἀπόλλων	10	n	-	s	-	-	-	m	v	-
.	.	11	u	-	-	-	-	-	-	-	-

τούς	ὁ	1	l	-	p	-	-	-	m	a	-
τ'	τε	2	c	-	-	-	-	-	-	-	-
ἀγωνίους	ἀγώνιος	3	a	-	p	-	-	-	m	a	-
θεοὺς	θεός	4	n	-	p	-	-	-	m	a	-
πάντας	πᾶς	5	p	-	p	-	-	-	m	a	-
προσαυδῶ	προσαυδάω	6	v	1	s	p	i	a	-	-	-
,	,	7	u	-	-	-	-	-	-	-	-
τόν	ὁ	8	l	-	s	-	-	-	m	a	-
τ'	τε	9	c	-	-	-	-	-	-	-	-
ἐμὸν	ἐμός	10	p	-	s	-	-	-	m	a	-
τιμάορον	τιμάορος	11	a	-	s	-	-	-	m	a	-
Ἑρμῆν	Ἑρμῆς	12	n	-	s	-	-	-	m	a	-
,	,	13	u	-	-	-	-	-	-	-	-
φίλον	φίλος	14	a	-	s	-	-	-	m	a	-
κήρυκα	κῆρυξ	15	n	-	s	-	-	-	m	a	-
,	,	16	u	-	-	-	-	-	-	-	-
κηρύκων	κῆρυξ	17	n	-	p	-	-	-	m	g	-
σέβας	σέβας	18	n	-	s	-	-	-	n	n	-
,	,	19	u	-	-	-	-	-	-	-	-
ἥρως	ἥρως	20	n	-	p	-	-	-	m	a	-
τε	τε	21	c	-	-	-	-	-	-	-	-
τοὺς	ὁ	22	l	-	p	-	-	-	m	a	-
πέμψαντας	πέμπω	23	v	-	p	a	p	a	m	a	-
,	,	24	u	-	-	-	-	-	-	-	-
εὐμενεῖς	εὐμενής	25	a	-	p	-	-	-	m	a	-
πάλιν	πάλιν	26	d	-	-	-	-	-	-	-	-
στρατὸν	στρατός	27	n	-	s	-	-	-	m	a	-
δέχεσθαι	δέχομαι	28	v	-	-	p	n	e	-	-	-
τὸν	ὁ	29	l	-	s	-	-	-	m	a	-
λελειμμένον	λείπω	30	v	-	s	r	p	e	m	a	-
δορός	δόρυ	31	n	-	s	-	-	-	n	g	-
.	.	32	u	-	-	-	-	-	-	-	-

ἰὼ	ἰώ	1	i	-	-	-	-	-	-	-	-
μέλαθρα	μέλαθρον	2	n	-	p	-	-	-	n	v	-
βασιλέων	βασίλη	3	n	-	p	-	-	-	f	g	-
,	,	4	u	-	-	-	-	-	-	-	-
φίλαι	φίλος	5	a	-	p	-	-	-	f	v	-
στέγαι	στέγη	6	n	-	p	-	-	-	f	v	-
,	,	7	u	-	-	-	-	-	-	-	-
σεμνοί	σεμνός	8	a	-	p	-	-	-	m	v	-
τε	τε	9	c	-	-	-	-	-	-	-	-
θᾶκοι	θᾶκος	10	n	-	p	-	-	-	m	v	-
,	,	11	u	-	-	-	-	-	-	-	-
δαίμονές	δαίμων	12	n	-	p	-	-	-	m	v	-
τ'	τε	13	c	-	-	-	-	-	-	-	-
ἀντήλιοι	ἀντήλιος	14	a	-	p	-	-	-	f	v	-
,	,	15	u	-	-	-	-	-	-	-	-
εἴ	εἰ	16	c	-	-	-	-	-	-	-	-
που	πού	17	d	-	-	-	-	-	-	-	-
πάλαι	πάλαι	18	d	-	-	-	-	-	-	-	-
,	,	19	u	-	-	-	-	-	-	-	-
φαιδροῖσι	φαιδρός	20	a	-	p	-	-	-	n	d	-
τοισίδ'	ὅδε	21	p	-	p	-	-	-	n	d	-
ὄμμασι	ὄμμα	22	n	-	p	-	-	-	n	d	-
δέξασθε	δέχομαι	23	v	2	p	a	m	m	-	-	-
κόσμῳ	κόσμος	24	n	-	s	-	-	-	m	d	-
βασιλέα	βασιλεύς	25	n	-	s	-	-	-	m	a	-
πολλῷ	πολύς	26	a	-	s	-	-	-	m	d	-
χρόνῳ	χρόνος	27	n	-	s	-	-	-	m	d	-
.	.	28	u	-	-	-	-	-	-	-	-

ἥκει	ἥκω	1	v	3	s	p	i	a	-	-	-
γὰρ	γάρ	2	d	-	-	-	-	-	-	-	-
ὑμῖν	σύ	3	p	-	p	-	-	-	-	d	-
φῶς	φάος	4	n	-	s	-	-	-	n	a	-
ἐν	ἐν	5	r	-	-	-	-	-	-	-	-
εὐφρόνῃ	εὐφρόνη	6	n	-	s	-	-	-	f	d	-
φέρων	φέρω	7	v	-	s	p	p	a	m	n	-
καὶ	καί	8	c	-	-	-	-	-	-	-	-
τοῖσδ'	ὅδε	9	p	-	p	-	-	-	m	d	-
ἅπασι	ἅπας	10	a	-	p	-	-	-	m	d	-
κοινὸν	κοινός	11	a	-	s	-	-	-	n	a	-
Ἀγαμέμνων	Ἀγαμέμνων	12	n	-	s	-	-	-	m	n	-
ἄναξ	ἄναξ	13	n	-	s	-	-	-	m	n	-
.	.	14	u	-	-	-	-	-	-	-	-

ἀλλ'	ἀλλά	1	d	-	-	-	-	-	-	-	-
εὖ	εὖ	2	d	-	-	-	-	-	-	-	-
νιν	νιν	3	p	-	s	-	-	-	m	a	-
ἀσπάσασθε	ἀσπάζομαι	4	v	2	p	a	m	m	-	-	-
,	,	5	u	-	-	-	-	-	-	-	-
καὶ	καί	6	c	-	-	-	-	-	-	-	-
γὰρ	γάρ	7	d	-	-	-	-	-	-	-	-
οὖν	οὖν	8	d	-	-	-	-	-	-	-	-
πρέπει	πρέπω	9	v	3	s	p	i	a	-	-	-
Τροίαν	Τροία	10	n	-	s	-	-	-	f	a	-
κατασκάψαντα	κατασκάπτω	11	v	-	s	a	p	a	m	a	-
τοῦ	ὁ	12	l	-	s	-	-	-	m	g	-
δικηφόρου	δικηφόρος	13	a	-	s	-	-	-	m	g	-
Διὸς	Ζεύς	14	n	-	s	-	-	-	m	g	-
μακέλλῃ	μάκελλα	15	n	-	s	-	-	-	f	d	-
,	,	16	u	-	-	-	-	-	-	-	-
τῇ	ὁ	17	p	-	s	-	-	-	f	d	-
κατείργασται	κατεργάζομαι	18	v	3	s	r	i	e	-	-	-
πέδον	πέδον	19	n	-	s	-	-	-	n	n	-
.	.	20	u	-	-	-	-	-	-	-	-

βωμοὶ	βωμός	1	n	-	p	-	-	-	m	n	-
δ'	δέ	2	d	-	-	-	-	-	-	-	-
ἄιστοι	ἄιστος	3	a	-	p	-	-	-	m	n	-
καὶ	καί	4	c	-	-	-	-	-	-	-	-
θεῶν	θεός	5	n	-	p	-	-	-	m	g	-
ἱδρύματα	ἵδρυμα	6	n	-	p	-	-	-	n	n	-
,	,	7	u	-	-	-	-	-	-	-	-
καὶ	καί	8	c	-	-	-	-	-	-	-	-
σπέρμα	σπέρμα	9	n	-	s	-	-	-	n	n	-
πάσης	πᾶς	10	p	-	s	-	-	-	f	g	-
ἐξαπόλλυται	ἐξαπόλλυμι	11	v	3	s	p	i	e	-	-	-
χθονός	χθών	12	n	-	s	-	-	-	f	g	-
.	.	13	u	-	-	-	-	-	-	-	-

τοιόνδε	τοιόσδε	1	p	-	s	-	-	-	n	a	-
Τροίᾳ	Τροία	2	n	-	s	-	-	-	f	d	-
περιβαλὼν	περιβάλλω	3	v	-	s	a	p	a	m	n	-
ζευκτήριον	ζευκτήριος	4	a	-	s	-	-	-	n	a	-
ἄναξ	ἄναξ	5	n	-	s	-	-	-	m	n	-
Ἀτρείδης	Ἀτρείδης	6	n	-	s	-	-	-	m	n	-
πρέσβυς	πρέσβυς	7	a	-	s	-	-	-	m	n	-
εὐδαίμων	εὐδαίμων	8	a	-	s	-	-	-	m	n	-
ἀνὴρ	ἀνήρ	9	n	-	s	-	-	-	m	n	-
ἥκει	ἥκω	10	v	3	s	p	i	a	-	-	-
,	,	11	u	-	-	-	-	-	-	-	-
τίεσθαι	τίω	12	v	-	-	p	n	e	-	-	-
δ'	δέ	13	d	-	-	-	-	-	-	-	-
ἀξιώτατος	ἄξιος	14	a	-	s	-	-	-	m	n	s
βροτῶν	βροτός	15	n	-	p	-	-	-	m	g	-
τῶν	ὁ	16	l	-	p	-	-	-	m	g	-
νῦν	νῦν	17	d	-	-	-	-	-	-	-	-
·	·	18	u	-	-	-	-	-	-	-	-

Πάρις	Πάρις	1	n	-	s	-	-	-	m	n	-
γὰρ	γάρ	2	d	-	-	-	-	-	-	-	-
οὔ	οὔτε	3	c	-	-	-	-	-	-	-	-
τε	τε	4	c	-	-	-	-	-	-	-	-
συντελὴς	συντελής	5	n	-	s	-	-	-	f	n	-
πόλις	πόλις	6	n	-	s	-	-	-	f	n	-
ἐξεύχεται	ἐξεύχομαι	7	v	3	s	p	i	e	-	-	-
τὸ	ὁ	8	l	-	s	-	-	-	n	a	-
δρᾶμα	δρᾶμα	9	n	-	s	-	-	-	n	a	-
τοῦ	ὁ	10	l	-	s	-	-	-	n	g	-
πάθους	πάθος	11	n	-	s	-	-	-	n	g	-
πλέον	πλείων	12	a	-	s	-	-	-	n	a	c
.	.	13	u	-	-	-	-	-	-	-	-

ὀφλὼν	ὀφλισκάνω	1	v	-	s	a	p	a	m	n	-
γὰρ	γάρ	2	d	-	-	-	-	-	-	-	-
ἁρπαγῆς	ἁρπαγεύς	3	n	-	p	-	-	-	m	n	-
τε	τε	4	c	-	-	-	-	-	-	-	-
καὶ	καί	5	c	-	-	-	-	-	-	-	-
κλοπῆς	κλοπεύς	6	n	-	p	-	-	-	m	n	-
δίκην	δίκη	7	n	-	s	-	-	-	f	a	-
τοῦ	ὁ	8	l	-	s	-	-	-	n	g	-
ῥυσίου	ῥύσιον	9	n	-	s	-	-	-	n	g	-
θ'	τε	10	c	-	-	-	-	-	-	-	-
ἥμαρτε	ἁμαρτάνω	11	v	3	s	a	i	a	-	-	-
καὶ	καί	12	c	-	-	-	-	-	-	-	-
πανώλεθρον	πανώλεθρος	13	a	-	s	-	-	-	m	a	-
αὐτόχθονον	αὐτόχθονος	14	a	-	s	-	-	-	m	a	-
πατρῷον	πατρῷος	15	a	-	s	-	-	-	m	a	-
ἔθρισεν	θρίζω	16	v	3	s	a	i	a	-	-	-
δόμον	δόμος	17	n	-	s	-	-	-	m	a	-
.	.	18	u	-	-	-	-	-	-	-	-

διπλᾶ	διπλόος	1	a	-	p	-	-	-	n	a	-
δ'	δέ	2	d	-	-	-	-	-	-	-	-
ἔτεισαν	τίνω	3	v	3	p	a	i	a	-	-	-
Πριαμίδαι	Πριαμίδης	4	n	-	p	-	-	-	m	n	-
θἀμάρτια	ἁμάρτιον	5	n	-	p	-	-	-	n	a	-
.	.	6	u	-	-	-	-	-	-	-	-

κῆρυξ	κῆρυξ	1	n	-	s	-	-	-	m	v	-
Ἀχαιῶν	Ἀχαιός	2	a	-	p	-	-	-	m	g	-
χαῖρε	χαίρω	3	v	2	s	p	m	a	-	-	-
τῶν	ὁ	4	l	-	p	-	-	-	m	g	-
ἀπὸ	ἀπό	5	r	-	-	-	-	-	-	-	-
στρατοῦ	στρατός	6	n	-	s	-	-	-	m	g	-
.	.	7	u	-	-	-	-	-	-	-	-

χαίρω	χαίρω	1	v	1	s	p	i	a	-	-	-
γε	γε	2	d	-	-	-	-	-	-	-	-
·	·	3	u	-	-	-	-	-	-	-	-

τεθνάναι	θνήσκω	1	v	-	-	r	n	a	-	-	-
δ'	δέ	2	d	-	-	-	-	-	-	-	-
οὐκέτ'	οὐκέτι	3	d	-	-	-	-	-	-	-	-
ἀντερῶ	ἀντερῶ	4	v	1	s	f	i	a	-	-	-
θεοῖς	θεός	5	n	-	p	-	-	-	m	d	-
.	.	6	u	-	-	-	-	-	-	-	-

ἔρως	ἔρως	1	n	-	s	-	-	-	m	n	-
πατρῴας	πατρῷος	2	a	-	s	-	-	-	f	g	-
τῆσδε	ὅδε	3	p	-	s	-	-	-	f	g	-
γῆς	γῆ	4	n	-	s	-	-	-	f	g	-
σ'	σύ	5	p	-	s	-	-	-	m	a	-
ἐγύμνασεν	γυμνάζω	6	v	3	s	a	i	a	-	-	-
;	;	7	u	-	-	-	-	-	-	-	-

ὥστ'	ὥστε	1	c	-	-	-	-	-	-	-	-
ἐνδακρύειν	ἐνδακρύω	2	v	-	-	p	n	a	-	-	-
γ'	γε	3	d	-	-	-	-	-	-	-	-
ὄμμασιν	ὄμμα	4	n	-	p	-	-	-	n	d	-
χαρᾶς	χαρά	5	n	-	s	-	-	-	f	g	-
ὕπο	ὑπό	6	r	-	-	-	-	-	-	-	-
.	.	7	u	-	-	-	-	-	-	-	-

τερπνῆς	τερπνός	1	a	-	s	-	-	-	f	g	-
ἄρ'	ἄρα	2	d	-	-	-	-	-	-	-	-
ἦτε	εἰμί	3	v	2	p	i	i	a	-	-	-
τῆσδ'	ὅδε	4	p	-	s	-	-	-	f	g	-
ἐπήβολοι	ἐπήβολος	5	a	-	p	-	-	-	m	n	-
νόσου	νόσος	6	n	-	s	-	-	-	f	g	-
.	.	7	u	-	-	-	-	-	-	-	-

διδαχθεὶς	διδάσκω	1	v	-	s	a	p	p	m	n	-
τοῦδε	ὅδε	2	p	-	s	-	-	-	m	g	-
δεσπόσω	δεσπόζω	3	v	1	s	f	i	a	-	-	-
λόγου	λόγος	4	n	-	s	-	-	-	m	g	-
.	.	5	u	-	-	-	-	-	-	-	-

τῶν	ὁ	1	l	-	p	-	-	-	m	g	-
ἀντερώντων	ἀντεράω	2	v	-	p	p	p	a	m	g	-
ἱμέρῳ	ἵμερος	3	n	-	s	-	-	-	m	d	-
πεπληγμένοι	πλήσσω	4	v	-	p	r	p	e	m	n	-
.	.	5	u	-	-	-	-	-	-	-	-

ποθεῖν	ποθέω	1	v	-	-	p	n	a	-	-	-
ποθοῦντα	ποθέω	2	v	-	s	p	p	a	m	a	-
τήνδε	ὅδε	3	p	-	s	-	-	-	f	a	-
γῆν	γῆ	4	n	-	s	-	-	-	f	a	-
στρατὸν	στρατός	5	n	-	s	-	-	-	m	a	-
λέγεις	λέγω	6	v	2	s	p	i	a	-	-	-
;	;	7	u	-	-	-	-	-	-	-	-

ὡς	ὡς	1	c	-	-	-	-	-	-	-	-
πόλλ'	πολύς	2	a	-	p	-	-	-	n	a	-
ἀμαυρᾶς	ἀμαυρός	3	a	-	s	-	-	-	f	g	-
ἐκ	ἐκ	4	r	-	-	-	-	-	-	-	-
φρενός	φρήν	5	n	-	s	-	-	-	f	g	-
μ'	ἐγώ	6	p	-	s	-	-	-	m	a	-
ἀναστένειν	ἀναστένω	7	v	-	-	p	n	a	-	-	-

πόθεν	πόθεν	1	d	-	-	-	-	-	-	-	-
τὸ	ὁ	2	l	-	s	-	-	-	n	n	-
δύσφρον	δύσφρων	3	a	-	s	-	-	-	n	n	-
τοῦτ'	οὗτος	4	p	-	s	-	-	-	n	n	-
ἐπῆν	ἔπειμι	5	v	3	s	i	i	a	-	-	-
θυμῷ	θυμός	6	n	-	s	-	-	-	m	d	-
στύγος	στύγος	7	n	-	s	-	-	-	n	n	-
;	;	8	u	-	-	-	-	-	-	-	-

πάλαι	πάλαι	1	d	-	-	-	-	-	-	-	-
τὸ	ὁ	2	l	-	s	-	-	-	n	a	-
σιγᾶν	σιγάω	3	v	-	-	p	n	a	-	-	-
φάρμακον	φάρμακον	4	n	-	s	-	-	-	n	a	-
βλάβης	βλάβη	5	n	-	s	-	-	-	f	g	-
ἔχω	ἔχω	6	v	1	s	p	i	a	-	-	-
.	.	7	u	-	-	-	-	-	-	-	-

ἀπόντων	ἄπειμι	1	v	-	p	p	p	a	m	g	-
κοιράνων	κοίρανος	2	n	-	p	-	-	-	m	g	-
ἔτρεις	τρέω	3	v	2	s	i	i	a	-	-	-
τινάς	τις	4	p	-	p	-	-	-	m	a	-
;	;	5	u	-	-	-	-	-	-	-	-

ὡς	ὡς	1	c	-	-	-	-	-	-	-	-
νῦν	νῦν	2	d	-	-	-	-	-	-	-	-
,	,	3	u	-	-	-	-	-	-	-	-
τὸ	ὁ	4	l	-	s	-	-	-	n	n	-
σὸν	σός	5	p	-	s	-	-	-	n	n	-
δή	δή	6	d	-	-	-	-	-	-	-	-
,	,	7	u	-	-	-	-	-	-	-	-
καὶ	καί	8	c	-	-	-	-	-	-	-	-
θανεῖν	θνήσκω	9	v	-	-	a	n	a	-	-	-
πολλὴ	πολύς	10	a	-	s	-	-	-	f	n	-
χάρις	χάρις	11	n	-	s	-	-	-	f	n	-
.	.	12	u	-	-	-	-	-	-	-	-

εὖ	εὖ	1	d	-	-	-	-	-	-	-	-
γὰρ	γάρ	2	d	-	-	-	-	-	-	-	-
πέπρακται	πράσσω	3	v	3	s	r	i	e	-	-	-
.	.	4	u	-	-	-	-	-	-	-	-

ταῦτα	οὗτος	1	p	-	p	-	-	-	n	a	-
δ'	δέ	2	d	-	-	-	-	-	-	-	-
ἐν	ἐν	3	r	-	-	-	-	-	-	-	-
πολλῷ	πολύς	4	a	-	s	-	-	-	m	d	-
χρόνῳ	χρόνος	5	n	-	s	-	-	-	m	d	-
τὰ	ὁ	6	p	-	p	-	-	-	n	a	-
μέν	μέν	7	d	-	-	-	-	-	-	-	-
τις	τις	8	p	-	s	-	-	-	m	n	-
ἂν	ἄν1	9	d	-	-	-	-	-	-	-	-
λέξειεν	λέγω	10	v	3	s	a	o	a	-	-	-
εὐπετῶς	εὐπετής	11	d	-	-	-	-	-	-	-	-
ἔχειν	ἔχω	12	v	-	-	p	n	a	-	-	-
,	,	13	u	-	-	-	-	-	-	-	-
τὰ	ὁ	14	p	-	p	-	-	-	n	a	-
δ'	δέ	15	d	-	-	-	-	-	-	-	-
αὖτε	αὖτε	16	d	-	-	-	-	-	-	-	-
κ	καί	17	c	-	-	-	-	-	-	-	-
ἀπίμομφα	ἐπίμομφος	18	a	-	p	-	-	-	n	a	-
.	.	19	u	-	-	-	-	-	-	-	-

τίς	τίς	1	p	-	s	-	-	-	m	n	-
δὲ	δέ	2	d	-	-	-	-	-	-	-	-
πλὴν	πλήν	3	r	-	-	-	-	-	-	-	-
θεῶν	θεός	4	n	-	p	-	-	-	m	g	-
ἅπαντ'	ἅπας	5	a	-	p	-	-	-	n	a	-
ἀπήμων	ἀπήμων	6	a	-	s	-	-	-	m	n	-
τὸν	ὁ	7	l	-	s	-	-	-	m	a	-
δι'	διά	8	r	-	-	-	-	-	-	-	-
αἰῶνος	αἰών	9	n	-	s	-	-	-	m	g	-
χρόνον	χρόνος	10	n	-	s	-	-	-	m	a	-
;	;	11	u	-	-	-	-	-	-	-	-

μόχθους	μόχθος	1	n	-	p	-	-	-	m	a	-
γὰρ	γάρ	2	d	-	-	-	-	-	-	-	-
εἰ	εἰ	3	c	-	-	-	-	-	-	-	-
λέγοιμι	λέγω	4	v	1	s	p	o	a	-	-	-
καὶ	καί	5	c	-	-	-	-	-	-	-	-
δυσαυλίας	δυσαυλία	6	n	-	p	-	-	-	f	a	-
,	,	7	u	-	-	-	-	-	-	-	-
σπαρνὰς	σπαρνός	8	a	-	p	-	-	-	f	a	-
παρήξεις	πάρηξις	9	n	-	p	-	-	-	f	a	-
καὶ	καί	10	c	-	-	-	-	-	-	-	-
κακοστρώτους	κακόστρωτος	11	a	-	p	-	-	-	f	a	-
,	,	12	u	-	-	-	-	-	-	-	-
τί	τίς	13	p	-	s	-	-	-	n	a	-
δ'	δέ	14	d	-	-	-	-	-	-	-	-
οὐ	οὐ	15	d	-	-	-	-	-	-	-	-
στένοντες	στένω	16	v	-	p	p	p	a	m	n	-
,	,	17	u	-	-	-	-	-	-	-	-
?	?	18	u	-	-	-	-	-	-	-	-
οὐ	οὐ	19	d	-	-	-	-	-	-	-	-
λαχόντες	λαγχάνω	20	v	-	p	a	p	a	m	n	-
?	?	21	u	-	-	-	-	-	-	-	-
ἤματος	ἦμαρ	22	n	-	s	-	-	-	n	g	-
μέρος	μέρος	23	n	-	s	-	-	-	n	a	-
;	;	24	u	-	-	-	-	-	-	-	-

τὰ	ὁ	1	p	-	p	-	-	-	n	a	-
δ'	δέ	2	d	-	-	-	-	-	-	-	-
αὖτε	αὖτε	3	d	-	-	-	-	-	-	-	-
χέρσῳ	χέρσος	4	n	-	s	-	-	-	f	d	-
καὶ	καί	5	c	-	-	-	-	-	-	-	-
προσῆν	πρόσειμι	6	v	3	s	i	i	a	-	-	-
πλέον	πλείων	7	a	-	s	-	-	-	n	n	c
στύγος	στύγος	8	n	-	s	-	-	-	n	n	-
·	·	9	u	-	-	-	-	-	-	-	-

εὐναὶ	εὐνή	1	n	-	p	-	-	-	f	n	-
γὰρ	γάρ	2	d	-	-	-	-	-	-	-	-
ἦσαν	εἰμί	3	v	3	p	i	i	a	-	-	-
δηΐων	δάιος	4	a	-	p	-	-	-	m	g	-
πρὸς	πρός	5	r	-	-	-	-	-	-	-	-
τείχεσιν	τεῖχος	6	n	-	p	-	-	-	n	d	-
·	·	7	u	-	-	-	-	-	-	-	-

ἐξ	ἐκ	1	r	-	-	-	-	-	-	-	-
οὐρανοῦ	οὐρανός	2	n	-	s	-	-	-	m	g	-
δὲ	δέ	3	d	-	-	-	-	-	-	-	-
κ	καί	4	c	-	-	-	-	-	-	-	-
ἀπὸ	ἀπό	5	r	-	-	-	-	-	-	-	-
γῆς	γῆ	6	n	-	s	-	-	-	f	g	-
λειμώνιαι	λειμώνιος	7	a	-	p	-	-	-	f	n	-
δρόσοι	δρόσος	8	n	-	p	-	-	-	f	n	-
κατεψάκαζον	καταψεκάζω	9	v	3	s	i	i	a	-	-	-
,	,	10	u	-	-	-	-	-	-	-	-
ἔμπεδον	ἔμπεδος	11	a	-	s	-	-	-	n	a	-
σίνος	σίνος	12	n	-	s	-	-	-	n	n	-
ἐσθημάτων	ἔσθημα	13	n	-	p	-	-	-	n	g	-
,	,	14	u	-	-	-	-	-	-	-	-
τιθέντες	τίθημι	15	v	-	p	p	p	a	m	n	-
ἔνθηρον	ἔνθηρος	16	a	-	s	-	-	-	n	a	-
τρίχα	τρίχα	17	d	-	-	-	-	-	-	-	-
.	.	18	u	-	-	-	-	-	-	-	-

χειμῶνα	χειμών	1	n	-	s	-	-	-	m	a	-
δ'	δέ	2	d	-	-	-	-	-	-	-	-
εἰ	εἰ	3	c	-	-	-	-	-	-	-	-
λέγοι	λέγω	4	v	3	s	p	o	a	-	-	-
τις	τις	5	p	-	s	-	-	-	m	n	-
οἰωνοκτόνον	οἰωνοκτόνος	6	a	-	s	-	-	-	m	a	-
,	,	7	u	-	-	-	-	-	-	-	-
οἷον	οἷος	8	p	-	s	-	-	-	m	a	-
παρεῖχ'	παρείκω	9	v	3	s	i	i	a	-	-	-
ἄφερτον	ἄφερτος	10	a	-	s	-	-	-	m	a	-
Ἰδαία	Ἰδαῖος	11	a	-	s	-	-	-	f	n	-
χιών	χιών	12	n	-	s	-	-	-	f	n	-
,	,	13	u	-	-	-	-	-	-	-	-
ἢ	ἤ	14	c	-	-	-	-	-	-	-	-
θάλπος	θάλπος	15	n	-	s	-	-	-	n	a	-
,	,	16	u	-	-	-	-	-	-	-	-
εὖτε	εὖτε	17	c	-	-	-	-	-	-	-	-
πόντος	πόντος	18	n	-	s	-	-	-	m	n	-
ἐν	ἐν	19	r	-	-	-	-	-	-	-	-
μεσημβριναῖς	μεσημβρινός	20	a	-	p	-	-	-	f	d	-
κοίταις	κοίτη	21	n	-	p	-	-	-	f	d	-
ἀκύμων	ἀκύμων	22	a	-	s	-	-	-	m	n	-
νηνέμοις	νήνεμος	23	a	-	p	-	-	-	f	d	-
εὕδοι	εὕδω	24	v	3	s	p	o	a	-	-	-
πεσών	πίπτω	25	v	-	s	a	p	a	m	n	-
τί	τίς	26	p	-	s	-	-	-	n	a	-
ταῦτα	οὗτος	27	p	-	p	-	-	-	n	a	-
πενθεῖν	πενθέω	28	v	-	-	p	n	a	-	-	-
δεῖ	δέω	29	v	3	s	p	i	a	-	-	-
;	;	30	u	-	-	-	-	-	-	-	-

παροίχεται	παροίχομαι	1	v	3	s	p	i	e	-	-	-
πόνος	πόνος	2	n	-	s	-	-	-	m	n	-
·	·	3	u	-	-	-	-	-	-	-	-

παροίχεται	παροίχομαι	1	v	3	s	p	i	e	-	-	-
δέ	δέ	2	d	-	-	-	-	-	-	-	-
,	,	3	u	-	-	-	-	-	-	-	-
τοῖσι	ὁ	4	l	-	p	-	-	-	m	d	-
μὲν	μέν	5	d	-	-	-	-	-	-	-	-
τεθνηκόσιν	θνήσκω	6	v	-	p	r	p	a	m	d	-
τὸ	ὁ	7	l	-	s	-	-	-	n	a	-
μήποτ'	μήποτε	8	d	-	-	-	-	-	-	-	-
αὖθις	αὖθις	9	d	-	-	-	-	-	-	-	-
μη	μηδέ	10	c	-	-	-	-	-	-	-	-
δ'	δέ	11	d	-	-	-	-	-	-	-	-
ἀναστῆναι	ἀνίστημι	12	v	-	-	a	n	a	-	-	-
μέλειν	μέλω	13	v	-	-	p	n	a	-	-	-
.	.	14	u	-	-	-	-	-	-	-	-

τί	τίς	1	p	-	s	-	-	-	n	a	-
τοὺς	ὁ	2	l	-	p	-	-	-	m	a	-
ἀναλωθέντας	ἀναλίσκω	3	v	-	p	a	p	p	m	a	-
ἐν	ἐν	4	r	-	-	-	-	-	-	-	-
ψήφῳ	ψῆφος	5	n	-	s	-	-	-	f	d	-
λέγειν	λέγω	6	v	-	-	p	n	a	-	-	-
,	,	7	u	-	-	-	-	-	-	-	-
τὸν	ὁ	8	l	-	s	-	-	-	m	a	-
ζῶντα	ζάω	9	v	-	s	p	p	a	m	a	-
δ'	δέ	10	d	-	-	-	-	-	-	-	-
ἀλγεῖν	ἀλγέω	11	v	-	-	p	n	a	-	-	-
χρὴ	χρή	12	v	3	s	p	i	a	-	-	-
τύχης	τύχη	13	n	-	s	-	-	-	f	g	-
παλιγκότου	παλίγκοτος	14	a	-	s	-	-	-	f	g	-
;	;	15	u	-	-	-	-	-	-	-	-

καὶ	καί	1	c	-	-	-	-	-	-	-	-
πολλὰ	πολύς	2	a	-	p	-	-	-	n	a	-
χαίρειν	χαίρω	3	v	-	-	p	n	a	-	-	-
ξυμφορὰς	συμφορά	4	n	-	p	-	-	-	f	a	-
καταξιῶ	καταξιόω	5	v	1	s	p	i	a	-	-	-
.	.	6	u	-	-	-	-	-	-	-	-

ἡμῖν	ἐγώ	1	p	-	p	-	-	-	m	d	-
δὲ	δέ	2	d	-	-	-	-	-	-	-	-
τοῖς	ὁ	3	l	-	p	-	-	-	m	d	-
λοιποῖσιν	λοιπός	4	a	-	p	-	-	-	m	d	-
Ἀργείων	Ἀργεῖος	5	a	-	p	-	-	-	m	g	-
στρατοῦ	στρατόω	6	v	2	s	p	m	e	-	-	-
νικᾷ	νικάω	7	v	3	s	p	s	a	-	-	-
τὸ	ὁ	8	l	-	s	-	-	-	n	n	-
κέρδος	κέρδος	9	n	-	s	-	-	-	n	n	-
,	,	10	u	-	-	-	-	-	-	-	-
πῆμα	πῆμα	11	n	-	s	-	-	-	n	n	-
δ'	δέ	12	d	-	-	-	-	-	-	-	-
οὐκ	οὐ	13	d	-	-	-	-	-	-	-	-
ἀντιρρέπει	ἀντιρρέπω	14	v	3	s	p	i	a	-	-	-
·	·	15	u	-	-	-	-	-	-	-	-

ὡς	ὡς	1	c	-	-	-	-	-	-	-	-
κομπάσαι	κομπάζω	2	v	-	-	a	n	a	-	-	-
τῷδ'	ὅδε	3	p	-	s	-	-	-	n	d	-
εἰκὸς	ἔοικα	4	v	-	s	r	p	a	n	n	-
ἡλίου	ἥλιος	5	n	-	s	-	-	-	m	g	-
φάει	φάος	6	n	-	s	-	-	-	n	d	-
ὑπὲρ	ὑπέρ	7	r	-	-	-	-	-	-	-	-
θαλάσσης	θάλασσα	8	n	-	s	-	-	-	f	g	-
καὶ	καί	9	c	-	-	-	-	-	-	-	-
χθονὸς	χθών	10	n	-	s	-	-	-	f	g	-
ποτωμένοις	ποτάομαι	11	v	-	p	p	p	e	m	d	-
·	·	12	u	-	-	-	-	-	-	-	-

"	"	1	u	-	-	-	-	-	-	-	-
Τροίαν	Τροία	2	n	-	s	-	-	-	f	a	-
ἑλόντες	αἱρέω	3	v	-	p	a	p	a	m	n	-
δή	δή	4	d	-	-	-	-	-	-	-	-
ποτ'	ποτέ	5	d	-	-	-	-	-	-	-	-
Ἀργείων	Ἀργεῖος	6	a	-	p	-	-	-	m	g	-
στόλος	στόλος	7	n	-	s	-	-	-	m	n	-
θεοῖς	θεός	8	n	-	p	-	-	-	m	d	-
λάφυρα	λάφυρα	9	n	-	p	-	-	-	n	a	-
ταῦτα	οὗτος	10	p	-	p	-	-	-	n	a	-
τοῖς	ὁ	11	l	-	p	-	-	-	m	d	-
καθ'	κατά	12	r	-	-	-	-	-	-	-	-
Ἑλλάδα	Ἑλλάς	13	n	-	s	-	-	-	f	a	-
δόμοις	δόμος	14	n	-	p	-	-	-	m	d	-
ἐπασσάλευσαν	πασσαλεύω	15	v	3	p	a	i	a	-	-	-
ἀρχαῖον	ἀρχαῖος	16	a	-	s	-	-	-	n	a	-
γάνος	γάνος	17	n	-	s	-	-	-	n	a	-
.	.	18	u	-	-	-	-	-	-	-	-
"	"	19	u	-	-	-	-	-	-	-	-

τοιαῦτα	τοιοῦτος	1	p	-	p	-	-	-	n	a	-
χρὴ	χρή	2	v	3	s	p	i	a	-	-	-
κλύοντας	κλύω	3	v	-	p	p	p	a	m	a	-
εὐλογεῖν	εὐλογέω	4	v	-	-	p	n	a	-	-	-
πόλιν	πόλις	5	n	-	s	-	-	-	f	a	-
καὶ	καί	6	c	-	-	-	-	-	-	-	-
τοὺς	ὁ	7	l	-	p	-	-	-	m	a	-
στρατηγούς	στρατηγός	8	n	-	p	-	-	-	m	a	-
·	·	9	u	-	-	-	-	-	-	-	-

καὶ	καί	1	c	-	-	-	-	-	-	-	-
χάρις	χάρις	2	n	-	s	-	-	-	f	n	-
τιμήσεται	τιμάω	3	v	3	s	f	i	m	-	-	-
Διὸς	Ζεύς	4	n	-	s	-	-	-	m	g	-
τόδ'	ὅδε	5	p	-	s	-	-	-	n	a	-
ἐκπράξασα	ἐκπράσσω	6	v	-	s	a	p	a	f	n	-
.	.	7	u	-	-	-	-	-	-	-	-

πάντ'	πᾶς	1	p	-	s	-	-	-	m	a	-
ἔχεις	ἔχω	2	v	2	s	p	i	a	-	-	-
λόγον	λόγος	3	n	-	s	-	-	-	m	a	-
.	.	4	u	-	-	-	-	-	-	-	-

νικώμενος	νικάω	1	v	-	s	p	p	e	m	n	-
λόγοισιν	λόγος	2	n	-	p	-	-	-	m	d	-
οὐκ	οὐ	3	d	-	-	-	-	-	-	-	-
ἀναίνομαι	ἀναίνομαι	4	v	1	s	p	i	e	-	-	-
·	·	5	u	-	-	-	-	-	-	-	-

ἀεὶ	ἀεί	1	d	-	-	-	-	-	-	-	-
γὰρ	γάρ	2	d	-	-	-	-	-	-	-	-
ἥβη	ἥβη	3	n	-	s	-	-	-	f	n	-
τοῖς	ὁ	4	l	-	p	-	-	-	m	d	-
γέρουσιν	γέρων	5	n	-	p	-	-	-	m	d	-
εὖ	εὖ	6	d	-	-	-	-	-	-	-	-
μαθεῖν	μανθάνω	7	v	-	-	a	n	a	-	-	-
.	.	8	u	-	-	-	-	-	-	-	-

δόμοις	δόμος	1	n	-	p	-	-	-	m	d	-
δὲ	δέ	2	d	-	-	-	-	-	-	-	-
ταῦτα	οὗτος	3	p	-	p	-	-	-	n	a	-
καὶ	καί	4	c	-	-	-	-	-	-	-	-
Κλυταιμήστρᾳ	Κλυταιμήστρα	5	n	-	s	-	-	-	f	d	-
μέλειν	μέλω	6	v	-	-	p	n	a	-	-	-
εἰκὸς	ἔοικα	7	v	-	s	r	p	a	n	n	-
μάλιστα	μάλιστα	8	d	-	-	-	-	-	-	-	s
,	,	9	u	-	-	-	-	-	-	-	-
σὺν	συν	10	d	-	-	-	-	-	-	-	-
δὲ	δέ	11	d	-	-	-	-	-	-	-	-
πλουτίζειν	πλουτίζω	12	v	-	-	p	n	a	-	-	-
ἐμέ	ἐγώ	13	p	-	s	-	-	-	m	a	-
.	.	14	u	-	-	-	-	-	-	-	-

ἀνωλόλυξα	ἀνολολύζω	1	v	1	s	a	i	a	-	-	-
μὲν	μέν	2	d	-	-	-	-	-	-	-	-
πάλαι	πάλαι	3	d	-	-	-	-	-	-	-	-
χαρᾶς	χαρά	4	n	-	s	-	-	-	f	g	-
ὕπο	ὑπό	5	r	-	-	-	-	-	-	-	-
,	,	6	u	-	-	-	-	-	-	-	-
ὅτ'	ὅτε	7	c	-	-	-	-	-	-	-	-
ἦλθ'	ἔρχομαι	8	v	3	s	a	i	a	-	-	-
ὁ	ὁ	9	l	-	s	-	-	-	m	n	-
πρῶτος	πρῶτος	10	a	-	s	-	-	-	m	n	-
νύχιος	νύχιος	11	a	-	s	-	-	-	m	n	-
ἄγγελος	ἄγγελος	12	n	-	s	-	-	-	m	n	-
πυρός	πῦρ	13	n	-	s	-	-	-	n	g	-
,	,	14	u	-	-	-	-	-	-	-	-
φράζων	φράζω	15	v	-	s	p	p	a	m	n	-
ἅλωσιν	ἅλων	16	n	-	p	-	-	-	f	d	-
Ἰλίου	Ἴλιος	17	a	-	s	-	-	-	n	g	-
τ'	τε	18	c	-	-	-	-	-	-	-	-
ἀνάστασιν	ἀνάστασις	19	n	-	s	-	-	-	f	a	-
.	.	20	u	-	-	-	-	-	-	-	-

καί	καί	1	c	-	-	-	-	-	-	-	-
τίς	τις	2	p	-	s	-	-	-	m	n	-
μ'	ἐγώ	3	p	-	s	-	-	-	f	a	-
ἐνίπτων	ἐνίπτω	4	v	-	s	p	p	a	m	n	-
εἶπε	εἶπον	5	v	3	s	a	i	a	-	-	-
,	,	6	u	-	-	-	-	-	-	-	-
"	"	7	u	-	-	-	-	-	-	-	-
φρυκτωρῶν	φρυκτωρός	8	n	-	p	-	-	-	m	g	-
διαί	διά	9	r	-	-	-	-	-	-	-	-
πεισθεῖσα	πείθω	10	v	-	s	a	p	p	f	n	-
Τροίαν	Τροία	11	n	-	s	-	-	-	f	a	-
νῦν	νῦν	12	d	-	-	-	-	-	-	-	-
πεπορθῆσθαι	πορθέω	13	v	-	-	r	n	e	-	-	-
δοκεῖς	δοκέω	14	v	2	s	p	i	a	-	-	-
;	;	15	u	-	-	-	-	-	-	-	-

ἦ	ἦ	1	d	-	-	-	-	-	-	-	-
κάρτα	κάρτα	2	d	-	-	-	-	-	-	-	-
πρὸς	πρός	3	r	-	-	-	-	-	-	-	-
γυναικὸς	γυνή	4	n	-	s	-	-	-	f	g	-
αἴρεσθαι	αἴρω	5	v	-	-	p	n	e	-	-	-
κέαρ	κέαρ	6	n	-	s	-	-	-	n	a	-
.	.	7	u	-	-	-	-	-	-	-	-
"	"	8	u	-	-	-	-	-	-	-	-

λόγοις	λόγος	1	n	-	p	-	-	-	m	d	-
τοιούτοις	τοιοῦτος	2	p	-	p	-	-	-	m	d	-
πλαγκτὸς	πλαγκτός	3	a	-	s	-	-	-	m	n	-
οὖσ'	εἰμί	4	v	-	s	p	p	a	f	n	-
ἐφαινόμην	φαίνω	5	v	1	s	i	i	e	-	-	-
.	.	6	u	-	-	-	-	-	-	-	-

ὅμως	ὅμως	1	d	-	-	-	-	-	-	-	-
δ'	δέ	2	d	-	-	-	-	-	-	-	-
ἔθυον	θύω	3	v	1	s	i	i	a	-	-	-
,	,	4	u	-	-	-	-	-	-	-	-
καὶ	καί	5	c	-	-	-	-	-	-	-	-
γυναικείῳ	γυναικεῖος	6	a	-	s	-	-	-	m	d	-
νόμῳ	νόμος	7	n	-	s	-	-	-	m	d	-
ὀλολυγμὸν	ὀλολυγμός	8	n	-	s	-	-	-	m	a	-
ἄλλος	ἄλλος	9	p	-	s	-	-	-	m	n	-
ἄλλοθεν	ἄλλοθεν	10	d	-	-	-	-	-	-	-	-
κατὰ	κατά	11	r	-	-	-	-	-	-	-	-
πτόλιν	πόλις	12	n	-	s	-	-	-	f	a	-
ἔλασκον	λάσκω	13	v	3	p	i	i	a	-	-	-
εὐφημοῦντες	εὐφημέω	14	v	-	p	p	p	a	m	n	-
ἐν	ἐν	15	r	-	-	-	-	-	-	-	-
θεῶν	θεός	16	n	-	p	-	-	-	m	g	-
ἕδραις	ἕδρα	17	n	-	p	-	-	-	f	d	-
θυηφάγον	θυηφάγος	18	a	-	s	-	-	-	f	a	-
κοιμῶντες	κοιμάω	19	v	-	p	p	p	a	m	n	-
εὐώδη	εὐώδης	20	a	-	s	-	-	-	f	a	-
φλόγα	φλόξ	21	n	-	s	-	-	-	f	a	-
.	.	22	u	-	-	-	-	-	-	-	-

καὶ	καί	1	c	-	-	-	-	-	-	-	-
νῦν	νῦν	2	d	-	-	-	-	-	-	-	-
τὰ	ὁ	3	l	-	p	-	-	-	n	a	-
μάσσω	μάσσων	4	a	-	p	-	-	-	n	a	c
μὲν	μέν	5	d	-	-	-	-	-	-	-	-
τί	τίς	6	p	-	s	-	-	-	n	a	-
δεῖ	δέω	7	v	3	s	p	i	a	-	-	-
σέ	σύ	8	p	-	s	-	-	-	m	a	-
μοι	ἐγώ	9	p	-	s	-	-	-	f	d	-
λέγειν	λέγω	10	v	-	-	p	n	a	-	-	-
;	;	11	u	-	-	-	-	-	-	-	-

ἄνακτος	ἄναξ	1	n	-	s	-	-	-	m	g	-
αὐτοῦ	αὐτός	2	p	-	s	-	-	-	m	g	-
πάντα	πᾶς	3	p	-	s	-	-	-	m	a	-
πεύσομαι	πυνθάνομαι	4	v	1	s	f	i	m	-	-	-
λόγον	λόγος	5	n	-	s	-	-	-	m	a	-
.	.	6	u	-	-	-	-	-	-	-	-

ὅπως	ὅπως	1	c	-	-	-	-	-	-	-	-
δ'	δέ	2	d	-	-	-	-	-	-	-	-
ἄριστα	ἄριστος	3	a	-	p	-	-	-	n	a	s
τὸν	ὁ	4	l	-	s	-	-	-	m	a	-
ἐμὸν	ἐμός	5	p	-	s	-	-	-	m	a	-
αἰδοῖον	αἰδοῖος	6	a	-	s	-	-	-	m	a	-
πόσιν	πόσις	7	n	-	s	-	-	-	m	a	-
σπεύσω	σπεύδω	8	v	1	s	f	i	a	-	-	-
πάλιν	πάλιν	9	d	-	-	-	-	-	-	-	-
μολόντα	βλώσκω	10	v	-	s	a	p	a	m	a	-
δέξασθαι	δέχομαι	11	v	-	-	a	n	m	-	-	-
·	·	12	u	-	-	-	-	-	-	-	-

-	-	1	u	-	-	-	-	-	-	-	-
τί	τίς	2	p	-	s	-	-	-	n	n	-
γὰρ	γάρ	3	d	-	-	-	-	-	-	-	-
γυναικὶ	γυνή	4	n	-	s	-	-	-	f	d	-
τούτου	οὗτος	5	p	-	s	-	-	-	n	g	-
φέγγος	φέγγος	6	n	-	s	-	-	-	n	n	-
ἥδιον	ἡδύς	7	a	-	s	-	-	-	n	n	c
δρακεῖν	δέρκομαι	8	v	-	-	a	n	a	-	-	-
,	,	9	u	-	-	-	-	-	-	-	-
ἀπὸ	ἀπό	10	r	-	-	-	-	-	-	-	-
στρατείας	στρατεία	11	n	-	s	-	-	-	f	g	-
ἀνδρὶ	ἀνήρ	12	n	-	s	-	-	-	m	d	-
σώσαντος	σῴζω	13	v	-	s	a	p	a	m	g	-
θεοῦ	θεός	14	n	-	s	-	-	-	m	g	-
πύλας	πύλη	15	n	-	p	-	-	-	f	a	-
ἀνοῖξαι	ἀνοίγνυμι	16	v	-	-	a	n	a	-	-	-
;-	;-	17	-	-	-	-	-	-	-	-	-

ταῦτ'	οὗτος	1	p	-	p	-	-	-	n	a	-
ἀπάγγειλον	ἀπαγγέλλω	2	v	2	s	a	m	a	-	-	-
πόσει	πόσις	3	n	-	s	-	-	-	m	d	-
·	·	4	u	-	-	-	-	-	-	-	-

ἥκειν	ἥκω	1	v	-	-	p	n	a	-	-	-
ὅπως	ὅπως	2	c	-	-	-	-	-	-	-	-
τάχιστ'	ταχύς	3	a	-	p	-	-	-	n	a	-
ἐράσμιον	ἐράσμιος	4	a	-	s	-	-	-	m	a	-
πόλει	πόλις	5	n	-	s	-	-	-	f	d	-
·	·	6	u	-	-	-	-	-	-	-	-

γυναῖκα	γυνή	1	n	-	s	-	-	-	f	a	-
πιστὴν	πιστός	2	a	-	s	-	-	-	f	a	-
δ'	δέ	3	d	-	-	-	-	-	-	-	-
ἐν	ἐν	4	r	-	-	-	-	-	-	-	-
δόμοις	δόμος	5	n	-	p	-	-	-	m	d	-
εὕροι	εὑρίσκω	6	v	3	s	a	o	a	-	-	-
μολὼν	βλώσκω	7	v	-	s	a	p	a	m	n	-
οἵαν	οἷος	8	p	-	s	-	-	-	f	a	-
περ	πέρ	9	d	-	-	-	-	-	-	-	-
οὖν	οὖν	10	d	-	-	-	-	-	-	-	-
ἔλειπε	λείπω	11	v	3	s	i	i	a	-	-	-
,	,	12	u	-	-	-	-	-	-	-	-
δωμάτων	δῶμα	13	n	-	p	-	-	-	n	g	-
κύνα	κύων	14	n	-	s	-	-	-	f	a	-
ἐσθλὴν	ἐσθλός	15	a	-	s	-	-	-	f	a	-
ἐκείνῳ	ἐκεῖνος	16	p	-	s	-	-	-	m	d	-
,	,	17	u	-	-	-	-	-	-	-	-
πολεμίαν	πολέμιος	18	a	-	s	-	-	-	f	a	-
τοῖς	ὁ	19	l	-	p	-	-	-	m	d	-
δύσφροσιν	δύσφρων	20	a	-	p	-	-	-	m	d	-
,	,	21	u	-	-	-	-	-	-	-	-
καὶ	καί	22	c	-	-	-	-	-	-	-	-
τἄλλ'	ἄλλος	23	p	-	p	-	-	-	n	a	-
ὁμοίαν	ὅμοιος	24	a	-	s	-	-	-	f	a	-
πάντα	πᾶς	25	p	-	p	-	-	-	n	a	-
,	,	26	u	-	-	-	-	-	-	-	-
σημαντήριον	σημαντήριον	27	n	-	s	-	-	-	n	a	-
οὐδὲν	οὐδείς	28	p	-	s	-	-	-	n	a	-
διαφθείρασαν	διαφθείρω	29	v	-	s	a	p	a	f	a	-
ἐν	ἐν	30	r	-	-	-	-	-	-	-	-
μήκει	μῆκος	31	n	-	s	-	-	-	n	d	-
χρόνου	χρόνος	32	n	-	s	-	-	-	m	g	-
.	.	33	u	-	-	-	-	-	-	-	-

οὐ	οὐδέ	1	c	-	-	-	-	-	-	-	-
δ'	δέ	2	d	-	-	-	-	-	-	-	-
οἶδα	οἶδα	3	v	1	s	r	i	a	-	-	-
τέρψιν	τέρψις	4	n	-	s	-	-	-	f	a	-
οὐ	οὐδέ	5	c	-	-	-	-	-	-	-	-
δ'	δέ	6	d	-	-	-	-	-	-	-	-
ἐπίψογον	ἐπίψογος	7	a	-	s	-	-	-	f	a	-
φάτιν	φάτις	8	n	-	s	-	-	-	f	a	-
ἄλλου	ἄλλος	9	p	-	s	-	-	-	m	g	-
πρὸς	πρός	10	r	-	-	-	-	-	-	-	-
ἀνδρὸς	ἀνήρ	11	n	-	s	-	-	-	m	g	-
μᾶλλον	μᾶλλον	12	d	-	-	-	-	-	-	-	c
ἢ	ἤ	13	c	-	-	-	-	-	-	-	-
χαλκοῦ	χαλκός	14	n	-	s	-	-	-	m	g	-
βαφάς	βαφή	15	n	-	p	-	-	-	f	a	-
.	.	16	u	-	-	-	-	-	-	-	-

τοιόσδ'	τοιόσδε	1	p	-	s	-	-	-	m	n	-
ὁ	ὁ	2	l	-	s	-	-	-	m	n	-
κόμπος	κόμπος	3	n	-	s	-	-	-	m	n	-
τῆς	ὁ	4	l	-	s	-	-	-	f	g	-
ἀληθείας	ἀλήθεια	5	n	-	s	-	-	-	f	g	-
γέμων	γέμω	6	v	-	s	p	p	a	m	n	-
οὐκ	οὐ	7	d	-	-	-	-	-	-	-	-
αἰσχρὸς	αἰσχρός	8	a	-	s	-	-	-	m	n	-
ὡς	ὡς	9	d	-	-	-	-	-	-	-	-
γυναικὶ	γυνή	10	n	-	s	-	-	-	f	d	-
γενναίᾳ	γενναῖος	11	a	-	s	-	-	-	f	d	-
λακεῖν	ληκέω	12	v	-	-	p	n	a	-	-	-
.	.	13	u	-	-	-	-	-	-	-	-

αὕτη	οὗτος	1	p	-	s	-	-	-	f	n	-
μὲν	μέν	2	d	-	-	-	-	-	-	-	-
οὕτως	οὕτως	3	d	-	-	-	-	-	-	-	-
εἶπε	εἶπον	4	v	3	s	a	i	a	-	-	-
μανθάνοντί	μανθάνω	5	v	-	s	p	p	a	m	d	-
σοι	σύ	6	p	-	s	-	-	-	m	d	-
τοροῖσιν	τορός	7	a	-	p	-	-	-	m	d	-
ἑρμηνεῦσιν	ἑρμηνεύς	8	n	-	p	-	-	-	m	d	-
εὐπρεπῶς	εὐπρεπής	9	d	-	-	-	-	-	-	-	-
λόγον	λόγος	10	n	-	s	-	-	-	m	a	-
.	.	11	u	-	-	-	-	-	-	-	-

σὺ	σύ	1	p	-	s	-	-	-	m	n	-
δ'	δέ	2	d	-	-	-	-	-	-	-	-
εἰπέ	εἶπον	3	v	2	s	a	m	a	-	-	-
,	,	4	u	-	-	-	-	-	-	-	-
κῆρυξ	κῆρυξ	5	n	-	s	-	-	-	m	v	-
,	,	6	u	-	-	-	-	-	-	-	-
Μενέλεων	Μενέλαος	7	n	-	s	-	-	-	m	a	-
δὲ	δέ	8	d	-	-	-	-	-	-	-	-
πεύθομαι	πυνθάνομαι	9	v	1	s	p	i	e	-	-	-
.	.	10	u	-	-	-	-	-	-	-	-

εἰ	εἰ	1	c	-	-	-	-	-	-	-	-
νόστιμός	νόστιμος	2	a	-	s	-	-	-	m	n	-
τε	τε	3	c	-	-	-	-	-	-	-	-
καὶ	καί	4	c	-	-	-	-	-	-	-	-
σεσωσμένος	σῴζω	5	v	-	s	r	p	e	m	n	-
πάλιν	πάλιν	6	d	-	-	-	-	-	-	-	-
ἥκει	ἥκω	7	v	3	s	p	i	a	-	-	-
σὺν	σύν	8	r	-	-	-	-	-	-	-	-
ὑμῖν	σύ	9	p	-	p	-	-	-	m	d	-
,	,	10	u	-	-	-	-	-	-	-	-
τῆσδε	ὅδε	11	p	-	s	-	-	-	f	g	-
γῆς	γῆ	12	n	-	s	-	-	-	f	g	-
φίλον	φίλος	13	a	-	s	-	-	-	n	n	-
κράτος	κράτος	14	n	-	s	-	-	-	n	n	-
.	.	15	u	-	-	-	-	-	-	-	-

οὐκ	οὐ	1	d	-	-	-	-	-	-	-	-
ἔσθ'	εἰμί	2	v	3	s	p	i	a	-	-	-
ὅπως	ὅπως	3	c	-	-	-	-	-	-	-	-
λέξαιμι	λέγω	4	v	1	s	a	o	a	-	-	-
τὰ	ὁ	5	l	-	p	-	-	-	n	a	-
ψευδῆ	ψευδής	6	a	-	p	-	-	-	n	a	-
καλὰ	καλός	7	a	-	p	-	-	-	n	a	-
ἐς	εἰς	8	r	-	-	-	-	-	-	-	-
τὸν	ὁ	9	l	-	s	-	-	-	m	a	-
πολὺν	πολύς	10	a	-	s	-	-	-	m	a	-
φίλοισι	φίλος	11	a	-	p	-	-	-	m	d	-
καρποῦσθαι	καρπόω	12	v	-	-	p	n	e	-	-	-
χρόνον	χρόνος	13	n	-	s	-	-	-	m	a	-
.	.	14	u	-	-	-	-	-	-	-	-

πῶς	πῶς	1	d	-	-	-	-	-	-	-	-
δῆτ'	δῆτα	2	d	-	-	-	-	-	-	-	-
ἂν	ἄν1	3	d	-	-	-	-	-	-	-	-
εἰπὼν	εἶπον	4	v	-	s	a	p	a	m	n	-
κεδνὰ	κεδνός	5	a	-	p	-	-	-	n	a	-
τἀληθῆ	ἀληθής	6	a	-	p	-	-	-	n	a	-
τύχοις	τυγχάνω	7	v	2	s	a	o	a	-	-	-
;	;	8	u	-	-	-	-	-	-	-	-

σχισθέντα	σχίζω	1	v	-	p	a	p	p	n	n	-
δ'	δέ	2	d	-	-	-	-	-	-	-	-
οὐκ	οὐ	3	d	-	-	-	-	-	-	-	-
εὔκρυπτα	εὔκρυπτος	4	a	-	p	-	-	-	n	n	-
γίγνεται	γίγνομαι	5	v	3	s	p	i	e	-	-	-
τάδε	ὅδε	6	p	-	p	-	-	-	n	n	-
.	.	7	u	-	-	-	-	-	-	-	-

ἁνὴρ	ἀνήρ	1	n	-	s	-	-	-	m	n	-
ἄφαντος	ἄφαντος	2	a	-	s	-	-	-	m	n	-
ἐξ	ἐκ	3	r	-	-	-	-	-	-	-	-
Ἀχαιικοῦ	Ἀχαιικός	4	a	-	s	-	-	-	m	g	-
στρατοῦ	στρατός	5	n	-	s	-	-	-	m	g	-
,	,	6	u	-	-	-	-	-	-	-	-
αὐτός	αὐτός	7	p	-	s	-	-	-	m	n	-
τε	τε	8	c	-	-	-	-	-	-	-	-
καὶ	καί	9	c	-	-	-	-	-	-	-	-
τὸ	ὁ	10	l	-	s	-	-	-	n	n	-
πλοῖον	πλοῖον	11	n	-	s	-	-	-	n	n	-
.	.	12	u	-	-	-	-	-	-	-	-

οὐ	οὐ	1	d	-	-	-	-	-	-	-	-
ψευδῆ	ψευδής	2	a	-	p	-	-	-	n	a	-
λέγω	λέγω	3	v	1	s	p	i	a	-	-	-
.	.	4	u	-	-	-	-	-	-	-	-

πότερον	πότερον	1	d	-	-	-	-	-	-	-	-
ἀναχθεὶς	ἀνάγω	2	v	-	s	a	p	p	m	n	-
ἐμφανῶς	ἐμφανής	3	d	-	-	-	-	-	-	-	-
ἐξ	ἐκ	4	r	-	-	-	-	-	-	-	-
Ἰλίου	Ἴλιος	5	n	-	s	-	-	-	n	g	-
,	,	6	u	-	-	-	-	-	-	-	-
ἢ	ἤ	7	c	-	-	-	-	-	-	-	-
χεῖμα	χεῖμα	8	n	-	s	-	-	-	n	n	-
,	,	9	u	-	-	-	-	-	-	-	-
κοινὸν	κοινός	10	a	-	s	-	-	-	n	n	-
ἄχθος	ἄχθος	11	n	-	s	-	-	-	n	n	-
,	,	12	u	-	-	-	-	-	-	-	-
ἥρπασε	ἁρπάζω	13	v	3	s	a	i	a	-	-	-
στρατοῦ	στρατός	14	n	-	s	-	-	-	m	g	-
;	;	15	u	-	-	-	-	-	-	-	-

ἔκυρσας	κυρέω	1	v	2	s	a	i	a	-	-	-
ὥστε	ὥστε	2	c	-	-	-	-	-	-	-	-
τοξότης	τοξότης	3	n	-	s	-	-	-	m	n	-
ἄκρος	ἄκρος	4	a	-	s	-	-	-	m	n	-
σκοποῦ	σκοπός	5	n	-	s	-	-	-	m	g	-
·	·	6	u	-	-	-	-	-	-	-	-

μακρὸν	μακρός	1	a	-	s	-	-	-	n	a	-
δὲ	δέ	2	d	-	-	-	-	-	-	-	-
πῆμα	πῆμα	3	n	-	s	-	-	-	n	a	-
συντόμως	σύντομος	4	d	-	-	-	-	-	-	-	-
ἐφημίσω	φημίζω	5	v	2	s	a	i	m	-	-	-
.	.	6	u	-	-	-	-	-	-	-	-

πότερα	πότερος	1	p	-	p	-	-	-	n	a	-
γὰρ	γάρ	2	d	-	-	-	-	-	-	-	-
αὐτοῦ	αὐτός	3	p	-	s	-	-	-	m	g	-
ζῶντος	ζάω	4	v	-	s	p	p	a	m	g	-
ἢ	ἤ	5	c	-	-	-	-	-	-	-	-
τεθνηκότος	θνήσκω	6	v	-	s	r	p	a	m	g	-
φάτις	φάτις	7	n	-	s	-	-	-	f	n	-
πρὸς	πρός	8	r	-	-	-	-	-	-	-	-
ἄλλων	ἄλλος	9	p	-	p	-	-	-	m	g	-
ναυτίλων	ναυτίλος	10	n	-	p	-	-	-	m	g	-
ἐκλῄζετο	κλῄζω	11	v	3	s	i	i	e	-	-	-
;	;	12	u	-	-	-	-	-	-	-	-

οὐκ	οὐ	1	d	-	-	-	-	-	-	-	-
οἶδεν	οἶδα	2	v	3	s	r	i	a	-	-	-
οὐδεὶς	οὐδείς	3	p	-	s	-	-	-	m	-	-
ὥστ'	ὥστε	4	c	-	-	-	-	-	-	-	-
ἀπαγγεῖλαι	ἀπαγγέλλω	5	v	-	-	a	n	a	-	-	-
τορῶς	τορός	6	d	-	-	-	-	-	-	-	-
,	,	7	u	-	-	-	-	-	-	-	-
πλὴν	πλήν	8	r	-	-	-	-	-	-	-	-
τοῦ	ὁ	9	l	-	s	-	-	-	m	g	-
τρέφοντος	τρέφω	10	v	-	s	p	p	a	m	g	-
Ἡλίου	ἥλιος	11	n	-	s	-	-	-	m	g	-
χθονὸς	χθών	12	n	-	s	-	-	-	f	g	-
φύσιν	φύσις	13	n	-	s	-	-	-	f	a	-
.	.	14	u	-	-	-	-	-	-	-	-

πῶς	πῶς	1	d	-	-	-	-	-	-	-	-
γὰρ	γάρ	2	d	-	-	-	-	-	-	-	-
λέγεις	λέγω	3	v	2	s	p	i	a	-	-	-
χειμῶνα	χειμών	4	n	-	s	-	-	-	m	a	-
ναυτικῷ	ναυτικός	5	a	-	s	-	-	-	m	d	-
στρατῷ	στρατός	6	n	-	s	-	-	-	m	d	-
ἐλθεῖν	ἔρχομαι	7	v	-	-	a	n	a	-	-	-
τελευτῆσαί	τελευτάω	8	v	-	-	a	n	a	-	-	-
τε	τε	9	c	-	-	-	-	-	-	-	-
δαιμόνων	δαίμων	10	n	-	p	-	-	-	f	g	-
κότῳ	κότος	11	n	-	s	-	-	-	m	d	-
;	;	12	u	-	-	-	-	-	-	-	-

εὔφημον	εὔφημος	1	a	-	s	-	-	-	n	a	-
ἦμαρ	ἦμαρ	2	n	-	s	-	-	-	n	a	-
οὐ	οὐ	3	d	-	-	-	-	-	-	-	-
πρέπει	πρέπω	4	v	3	s	p	i	a	-	-	-
κακαγγέλῳ	κακάγγελος	5	a	-	s	-	-	-	f	d	-
γλώσσῃ	γλῶσσα	6	n	-	s	-	-	-	f	d	-
μιαίνειν	μιαίνω	7	v	-	-	p	n	a	-	-	-
·	·	8	u	-	-	-	-	-	-	-	-

χωρὶς	χωρίς	1	d	-	-	-	-	-	-	-	-
ἡ	ὁ	2	l	-	s	-	-	-	f	n	-
τιμὴ	τιμή	3	n	-	s	-	-	-	f	n	-
θεῶν	θεός	4	n	-	p	-	-	-	m	g	-
.	.	5	u	-	-	-	-	-	-	-	-

ὅταν	ὅταν	1	c	-	-	-	-	-	-	-	-
δ'	δέ	2	d	-	-	-	-	-	-	-	-
ἀπευκτὰ	ἀπευκτός	3	a	-	p	-	-	-	n	a	-
πήματ'	πῆμα	4	n	-	p	-	-	-	n	a	-
ἄγγελος	ἄγγελος	5	n	-	s	-	-	-	m	n	-
πόλει	πόλις	6	n	-	s	-	-	-	f	d	-
στυγνῷ	στυγνός	7	a	-	s	-	-	-	n	d	-
προσώπῳ	πρόσωπον	8	n	-	s	-	-	-	n	d	-
πτωσίμου	πτώσιμος	9	a	-	s	-	-	-	m	g	-
στρατοῦ	στρατός	10	n	-	s	-	-	-	m	g	-
φέρῃ	φέρω	11	v	3	s	p	s	a	-	-	-
,	,	12	u	-	-	-	-	-	-	-	-
πόλει	πόλις	13	n	-	s	-	-	-	f	d	-
μὲν	μέν	14	d	-	-	-	-	-	-	-	-
ἕλκος	ἕλκος	15	n	-	s	-	-	-	n	a	-
ἓν	εἷς	16	n	-	s	-	-	-	n	a	-
τὸ	ὁ	17	l	-	s	-	-	-	n	a	-
δήμιον	δήμιος	18	a	-	s	-	-	-	n	a	-
τυχεῖν	τυγχάνω	19	v	-	-	a	n	a	-	-	-
,	,	20	u	-	-	-	-	-	-	-	-
πολλοὺς	πολύς	21	a	-	p	-	-	-	m	a	-
δὲ	δέ	22	d	-	-	-	-	-	-	-	-
πολλῶν	πολύς	23	a	-	p	-	-	-	m	g	-
ἐξαγισθέντας	ἐξαγίζω	24	v	-	p	a	p	p	m	a	-
δόμων	δόμος	25	n	-	p	-	-	-	m	g	-
ἄνδρας	ἀνήρ	26	n	-	p	-	-	-	m	a	-
διπλῇ	διπλός	27	a	-	s	-	-	-	f	d	-
μάστιγι	μάστιξ	28	n	-	s	-	-	-	f	d	-
,	,	29	u	-	-	-	-	-	-	-	-
τὴν	ὁ	30	p	-	s	-	-	-	f	a	-
Ἄρης	Ἄρης	31	n	-	s	-	-	-	m	n	-
φιλεῖ	φιλέω	32	v	3	s	p	i	a	-	-	-
,	,	33	u	-	-	-	-	-	-	-	-
δίλογχον	δίλογχος	34	a	-	s	-	-	-	f	a	-
ἄτην	ἄτη	35	n	-	s	-	-	-	f	a	-
,	,	36	u	-	-	-	-	-	-	-	-
φοινίαν	φοίνιος	37	a	-	s	-	-	-	f	a	-
ξυνωρίδα	ξυνωρίς	38	n	-	s	-	-	-	f	a	-
·	·	39	u	-	-	-	-	-	-	-	-

τοιῶνδε	τοιόσδε	1	p	-	p	-	-	-	n	g	-
μέντοι	μέντοι	2	d	-	-	-	-	-	-	-	-
πημάτων	πῆμα	3	n	-	p	-	-	-	n	g	-
σεσαγμένον	σάττω	4	v	-	s	r	p	e	m	a	-
πρέπει	πρέπω	5	v	3	s	p	i	a	-	-	-
λέγειν	λέγω	6	v	-	-	p	n	a	-	-	-
παιᾶνα	παιάν	7	n	-	s	-	-	-	m	a	-
τόνδ'	ὅδε	8	p	-	s	-	-	-	m	a	-
Ἐρινύων	Ἐρινύς	9	n	-	p	-	-	-	f	g	-
.	.	10	u	-	-	-	-	-	-	-	-

σωτηρίων	σωτήριος	1	a	-	p	-	-	-	n	g	-
δὲ	δέ	2	d	-	-	-	-	-	-	-	-
πραγμάτων	πρᾶγμα	3	n	-	p	-	-	-	n	g	-
εὐάγγελον	εὐάγγελος	4	a	-	s	-	-	-	m	a	-
ἥκοντα	ἥκω	5	v	-	s	p	p	a	m	a	-
πρὸς	πρός	6	r	-	-	-	-	-	-	-	-
χαίρουσαν	χαίρω	7	v	-	s	p	p	a	f	a	-
εὐεστοῖ	εὐεστώ	8	n	-	s	-	-	-	f	d	-
πόλιν	πόλις	9	n	-	s	-	-	-	f	a	-
,	,	10	u	-	-	-	-	-	-	-	-
πῶς	πῶς	11	d	-	-	-	-	-	-	-	-
κεδνὰ	κεδνός	12	a	-	p	-	-	-	n	a	-
τοῖς	ὁ	13	l	-	p	-	-	-	n	d	-
κακοῖσι	κακός	14	a	-	p	-	-	-	n	d	-
συμμείξω	συμμείγνυμι	15	v	1	s	f	i	a	-	-	-
,	,	16	u	-	-	-	-	-	-	-	-
λέγων	λέγω	17	v	-	s	p	p	a	m	n	-
χειμῶν'	χειμών	18	n	-	s	-	-	-	m	a	-
Ἀχαιοῖς	Ἀχαιός	19	a	-	p	-	-	-	m	d	-
οὐκ	οὐ	20	d	-	-	-	-	-	-	-	-
ἀμήνιτον	ἀμήνιτος	21	a	-	s	-	-	-	m	a	-
θεῶν	θεός	22	n	-	p	-	-	-	m	g	-
;	;	23	u	-	-	-	-	-	-	-	-

ξυνώμοσαν	συνόμνυμι	1	v	3	p	a	i	a	-	-	-
γάρ	γάρ	2	d	-	-	-	-	-	-	-	-
,	,	3	u	-	-	-	-	-	-	-	-
ὄντες	εἰμί	4	v	-	p	p	p	a	m	n	-
ἔχθιστοι	ἐχθρός	5	a	-	p	-	-	-	m	n	s
τὸ	ὁ	6	l	-	s	-	-	-	n	a	-
πρίν	πρίν	7	d	-	-	-	-	-	-	-	-
,	,	8	u	-	-	-	-	-	-	-	-
πῦρ	πῦρ	9	n	-	s	-	-	-	n	n	-
καὶ	καί	10	c	-	-	-	-	-	-	-	-
θάλασσα	θάλασσα	11	n	-	s	-	-	-	f	n	-
,	,	12	u	-	-	-	-	-	-	-	-
καὶ	καί	13	c	-	-	-	-	-	-	-	-
τὰ	ὁ	14	l	-	p	-	-	-	n	a	-
πίστ'	πιστός	15	a	-	p	-	-	-	n	a	-
ἐδειξάτην	δείκνυμι	16	v	3	d	a	i	a	-	-	-
φθείροντε	φθείρω	17	v	-	d	p	p	a	n	a	-
τὸν	ὁ	18	l	-	s	-	-	-	m	a	-
δύστηνον	δύστηνος	19	a	-	s	-	-	-	m	a	-
Ἀργείων	Ἀργεῖος	20	a	-	p	-	-	-	m	g	-
στρατόν	στρατός	21	n	-	s	-	-	-	m	a	-
.	.	22	u	-	-	-	-	-	-	-	-

ἐν	ἐν	1	r	-	-	-	-	-	-	-	-
νυκτὶ	νύξ	2	n	-	s	-	-	-	f	d	-
δυσκύμαντα	δυσκύμαντος	3	a	-	p	-	-	-	n	n	-
δ'	δέ	4	d	-	-	-	-	-	-	-	-
ὠρώρει	ὄρνυμι	5	v	3	s	l	i	a	-	-	-
κακά	κακός	6	a	-	p	-	-	-	n	n	-
.	.	7	u	-	-	-	-	-	-	-	-

ναῦς	ναῦς	1	n	-	p	-	-	-	f	a	-
γὰρ	γάρ	2	d	-	-	-	-	-	-	-	-
πρὸς	πρός	3	r	-	-	-	-	-	-	-	-
ἀλλήλαισι	ἀλλήλων	4	p	-	p	-	-	-	f	d	-
Θρῄκιαι	Θρᾴκιος	5	a	-	p	-	-	-	f	n	-
πνοαὶ	πνοή	6	n	-	p	-	-	-	f	n	-
ἤρεικον	ἐρείκω	7	v	3	p	i	i	a	-	-	-
·	·	8	u	-	-	-	-	-	-	-	-

αἱ	ὁ	1	p	-	p	-	-	-	f	n	-
δὲ	δέ	2	d	-	-	-	-	-	-	-	-
κεροτυπούμεναι	κεροτυπέω	3	v	-	p	p	p	e	f	n	-
βίᾳ	βία	4	n	-	s	-	-	-	f	d	-
χειμῶνι	χειμών	5	n	-	s	-	-	-	m	d	-
τυφῶ	τυφώς	6	n	-	s	-	-	-	m	g	-
σὺν	σύν	7	r	-	-	-	-	-	-	-	-
ζάλῃ	ζάλη	8	n	-	s	-	-	-	f	d	-
τ'	τε	9	c	-	-	-	-	-	-	-	-
ὀμβροκτύπῳ	ὀμβροκτύπος	10	a	-	s	-	-	-	f	d	-
ᾤχοντ'	οἴχομαι	11	v	3	p	i	i	e	-	-	-
ἄφαντοι	ἄφαντος	12	a	-	p	-	-	-	f	n	-
ποιμένος	ποιμήν	13	n	-	s	-	-	-	m	g	-
κακοῦ	κακός	14	a	-	s	-	-	-	m	g	-
στρόβῳ	στρόβος	15	n	-	s	-	-	-	m	d	-
.	.	16	u	-	-	-	-	-	-	-	-

ἐπεὶ	ἐπεί	1	c	-	-	-	-	-	-	-	-
δ'	δέ	2	d	-	-	-	-	-	-	-	-
ἀνῆλθε	ἀνέρχομαι	3	v	3	s	a	i	a	-	-	-
λαμπρὸν	λαμπρός	4	a	-	s	-	-	-	n	n	-
ἡλίου	ἥλιος	5	n	-	s	-	-	-	m	g	-
φάος	φάος	6	n	-	s	-	-	-	n	n	-
,	,	7	u	-	-	-	-	-	-	-	-
ὁρῶμεν	ὁράω	8	v	1	p	p	i	a	-	-	-
ἀνθοῦν	ἀνθέω	9	v	-	s	p	p	a	n	a	-
πέλαγος	πέλαγος	10	n	-	s	-	-	-	n	a	-
Αἰγαῖον	Αἰγαῖος	11	a	-	s	-	-	-	n	a	-
νεκροῖς	νεκρός	12	a	-	p	-	-	-	m	d	-
ἀνδρῶν	ἀνήρ	13	n	-	p	-	-	-	m	g	-
Ἀχαιῶν	Ἀχαιός	14	a	-	p	-	-	-	m	g	-
ναυτικοῖς	ναυτικός	15	a	-	p	-	-	-	n	d	-
τ'	τε	16	c	-	-	-	-	-	-	-	-
ἐρειπίοις	ἐρείπιος	17	a	-	p	-	-	-	n	d	-
.	.	18	u	-	-	-	-	-	-	-	-

ἡμᾶς	ἐγώ	1	p	-	p	-	-	-	m	a	-
γε	γε	2	d	-	-	-	-	-	-	-	-
μὲν	μέν	3	d	-	-	-	-	-	-	-	-
δὴ	δή	4	d	-	-	-	-	-	-	-	-
ναῦν	ναῦς	5	n	-	s	-	-	-	f	a	-
τ'	τε	6	c	-	-	-	-	-	-	-	-
ἀκήρατον	ἀκήρατος	7	a	-	s	-	-	-	f	a	-
σκάφος	σκάφος	8	n	-	s	-	-	-	n	a	-
ἤτοι	ἤτοι	9	d	-	-	-	-	-	-	-	-
τις	τις	10	p	-	s	-	-	-	m	n	-
ἐξέκλεψεν	ἐκκλέπτω	11	v	3	s	a	i	a	-	-	-
ἢ	ἤ	12	c	-	-	-	-	-	-	-	-
'	'	13	u	-	-	-	-	-	-	-	-
ξῃτήσατο	ἐξαιτέω	14	v	3	s	a	i	-	-	-	-
θεός	θεός	15	n	-	s	-	-	-	m	n	-
τις	τις	16	p	-	s	-	-	-	m	n	-
,	,	17	u	-	-	-	-	-	-	-	-
οὐκ	οὐ	18	d	-	-	-	-	-	-	-	-
ἄνθρωπος	ἄνθρωπος	19	n	-	s	-	-	-	m	n	-
,	,	20	u	-	-	-	-	-	-	-	-
οἴακος	οἴαξ	21	n	-	s	-	-	-	m	g	-
θιγών	θιγγάνω	22	v	-	s	a	p	a	m	n	-
.	.	23	u	-	-	-	-	-	-	-	-

τύχη	τύχη	1	n	-	s	-	-	-	f	n	-
δὲ	δέ	2	d	-	-	-	-	-	-	-	-
σωτὴρ	σωτήρ	3	n	-	s	-	-	-	m	n	-
ναῦν	ναῦς	4	n	-	s	-	-	-	f	a	-
θέλουσ'	ἐθέλω	5	v	-	p	p	p	a	f	n	-
ἐφέζετο	ἐφέζομαι	6	v	3	s	i	i	e	-	-	-
,	,	7	u	-	-	-	-	-	-	-	-
ὡς	ὡς	8	c	-	-	-	-	-	-	-	-
μή	μήτε	9	c	-	-	-	-	-	-	-	-
τ'	μήτε	10	c	-	-	-	-	-	-	-	-
ἐν	ἐν	11	r	-	-	-	-	-	-	-	-
ὅρμῳ	ὅρμος	12	n	-	s	-	-	-	m	d	-
κύματος	κῦμα	13	n	-	s	-	-	-	n	g	-
ζάλην	ζάλη	14	n	-	s	-	-	-	f	a	-
ἔχειν	ἔχω	15	v	-	-	p	n	a	-	-	-
μή	μήτε	16	c	-	-	-	-	-	-	-	-
τ'	μήτε	17	c	-	-	-	-	-	-	-	-
ἐξοκεῖλαι	ἐξοκέλλω	18	v	-	-	a	n	a	-	-	-
πρὸς	πρός	19	r	-	-	-	-	-	-	-	-
κραταίλεων	κραταίλεως	20	a	-	s	-	-	-	f	a	-
χθόνα	χθών	21	n	-	s	-	-	-	f	a	-
.	.	22	u	-	-	-	-	-	-	-	-

ἔπειτα	ἔπειτα	1	d	-	-	-	-	-	-	-	-
δ'	δέ	2	d	-	-	-	-	-	-	-	-
Ἅιδην	ᾍδης	3	n	-	s	-	-	-	m	a	-
πόντιον	πόντιος	4	a	-	s	-	-	-	m	a	-
πεφευγότες	φεύγω	5	v	-	p	r	p	a	m	n	-
,	,	6	u	-	-	-	-	-	-	-	-
λευκὸν	λευκός	7	a	-	s	-	-	-	n	a	-
κατ'	κατά	8	r	-	-	-	-	-	-	-	-
ἦμαρ	ἦμαρ	9	n	-	s	-	-	-	n	a	-
,	,	10	u	-	-	-	-	-	-	-	-
οὐ	οὐ	11	d	-	-	-	-	-	-	-	-
πεποιθότες	πείθω	12	v	-	p	r	p	a	m	n	-
τύχῃ	τύχη	13	n	-	s	-	-	-	f	d	-
,	,	14	u	-	-	-	-	-	-	-	-
ἐβουκολοῦμεν	βουκολέω	15	v	1	p	i	i	a	-	-	-
φροντίσιν	φροντίς	16	n	-	p	-	-	-	f	d	-
νέον	νέος	17	a	-	s	-	-	-	n	a	-
πάθος	πάθος	18	n	-	s	-	-	-	n	a	-
,	,	19	u	-	-	-	-	-	-	-	-
στρατοῦ	στρατός	20	n	-	s	-	-	-	m	g	-
καμόντος	κάμνω	21	v	-	s	a	p	a	m	g	-
καὶ	καί	22	c	-	-	-	-	-	-	-	-
κακῶς	κακός	23	d	-	-	-	-	-	-	-	-
σποδουμένου	σποδέω	24	v	-	s	p	p	e	m	g	-
.	.	25	u	-	-	-	-	-	-	-	-

καὶ	καί	1	c	-	-	-	-	-	-	-	-
νῦν	νῦν	2	d	-	-	-	-	-	-	-	-
ἐκείνων	ἐκεῖνος	3	p	-	p	-	-	-	m	g	-
εἴ	εἰ	4	c	-	-	-	-	-	-	-	-
τίς	τις	5	p	-	s	-	-	-	m	n	-
ἐστιν	εἰμί	6	v	3	s	p	i	a	-	-	-
ἐμπνέων	ἐμπνέω	7	v	-	s	p	p	a	m	n	-
,	,	8	u	-	-	-	-	-	-	-	-
λέγουσιν	λέγω	9	v	3	p	p	i	a	-	-	-
ἡμᾶς	ἐγώ	10	p	-	p	-	-	-	m	a	-
ὡς	ὡς	11	c	-	-	-	-	-	-	-	-
ὀλωλότας	ὄλλυμι	12	v	-	p	r	p	a	m	a	-
,	,	13	u	-	-	-	-	-	-	-	-
τί	τίς	14	p	-	s	-	-	-	n	n	-
μή	μή	15	c	-	-	-	-	-	-	-	-
;	;	16	u	-	-	-	-	-	-	-	-

ἡμεῖς	ἐγώ	1	p	-	p	-	-	-	m	n	-
τ'	τε	2	c	-	-	-	-	-	-	-	-
ἐκείνους	ἐκεῖνος	3	p	-	p	-	-	-	m	a	-
ταὔτ'	ταὐτός	4	a	-	p	-	-	-	n	a	-
ἔχειν	ἔχω	5	v	-	-	p	n	a	-	-	-
δοξάζομεν	δοξάζω	6	v	1	p	p	i	a	-	-	-
.	.	7	u	-	-	-	-	-	-	-	-

γένοιτο	γίγνομαι	1	v	3	s	a	o	m	-	-	-
δ'	δέ	2	d	-	-	-	-	-	-	-	-
ὡς	ὡς	3	d	-	-	-	-	-	-	-	-
ἄριστα	ἄριστος	4	a	-	p	-	-	-	n	a	s
.	.	5	u	-	-	-	-	-	-	-	-

Μενέλεων	Μενέλαος	1	n	-	s	-	-	-	m	a	-
γὰρ	γάρ	2	d	-	-	-	-	-	-	-	-
οὖν	οὖν	3	d	-	-	-	-	-	-	-	-
πρῶτόν	πρῶτος	4	a	-	s	-	-	-	n	a	-
τε	τε	5	c	-	-	-	-	-	-	-	-
καὶ	καί	6	c	-	-	-	-	-	-	-	-
μάλιστα	μάλιστα	7	d	-	-	-	-	-	-	-	s
προσδόκα	προσδοκάω	8	v	2	s	p	m	a	-	-	-
μολεῖν	βλώσκω	9	v	-	-	a	n	a	-	-	-
.	.	10	u	-	-	-	-	-	-	-	-

εἰ	εἰ	1	c	-	-	-	-	-	-	-	-
γοῦν	γοῦν	2	d	-	-	-	-	-	-	-	-
τις	τις	3	p	-	s	-	-	-	f	n	-
ἀκτὶς	ἀκτίς	4	n	-	s	-	-	-	f	n	-
ἡλίου	ἥλιος	5	n	-	s	-	-	-	m	g	-
νιν	νιν	6	p	-	s	-	-	-	m	a	-
ἱστορεῖ	ἱστορέω	7	v	3	s	p	i	a	-	-	-
καὶ	καί	8	c	-	-	-	-	-	-	-	-
ζῶντα	ζάω	9	v	-	s	p	p	a	m	a	-
καὶ	καί	10	c	-	-	-	-	-	-	-	-
βλέποντα	βλέπω	11	v	-	s	p	p	a	m	a	-
,	,	12	u	-	-	-	-	-	-	-	-
μηχαναῖς	μηχανή	13	n	-	p	-	-	-	f	d	-
Διός	Ζεύς	14	n	-	s	-	-	-	m	g	-
,	,	15	u	-	-	-	-	-	-	-	-
οὔπω	οὔπω	16	d	-	-	-	-	-	-	-	-
θέλοντος	ἐθέλω	17	v	-	s	p	p	a	m	g	-
ἐξαναλῶσαι	ἐξαναλίσκω	18	v	-	-	a	n	a	-	-	-
γένος	γένος	19	n	-	s	-	-	-	n	a	-
,	,	20	u	-	-	-	-	-	-	-	-
ἐλπίς	ἐλπίς	21	n	-	s	-	-	-	f	n	-
τις	τις	22	p	-	s	-	-	-	f	n	-
αὐτὸν	αὐτός	23	p	-	s	-	-	-	m	a	-
πρὸς	πρός	24	r	-	-	-	-	-	-	-	-
δόμους	δόμος	25	n	-	p	-	-	-	m	a	-
ἥξειν	ἥκω	26	v	-	-	f	n	a	-	-	-
πάλιν	πάλιν	27	d	-	-	-	-	-	-	-	-
.	.	28	u	-	-	-	-	-	-	-	-

τοσαῦτ'	τοσοῦτος	1	p	-	p	-	-	-	n	a	-
ἀκούσας	ἀκούω	2	v	-	s	a	p	a	m	n	-
ἴσθι	οἶδα	3	v	2	s	r	m	a	-	-	-
τἀληθῆ	ἀληθής	4	a	-	p	-	-	-	n	a	-
κλύων	κλύω	5	v	-	s	p	p	a	m	n	-
.	.	6	u	-	-	-	-	-	-	-	-

τίς	τίς	1	p	-	s	-	-	-	m	n	-
ποτ'	ποτέ	2	d	-	-	-	-	-	-	-	-
ὠνόμαζεν	ὀνομάζω	3	v	3	s	i	i	a	-	-	-
ὧδ'	ὧδε	4	d	-	-	-	-	-	-	-	-
ἐς	εἰς	5	r	-	-	-	-	-	-	-	-
τὸ	ὁ	6	l	-	s	-	-	-	n	a	-
πᾶν	πᾶς	7	p	-	s	-	-	-	n	a	-
ἐτητύμως	ἐτήτυμος	8	d	-	-	-	-	-	-	-	-
-	-	9	u	-	-	-	-	-	-	-	-
μή	μή	10	c	-	-	-	-	-	-	-	-
τις	τις	11	p	-	s	-	-	-	m	n	-
ὅντιν'	ὅστις	12	p	-	s	-	-	-	m	a	-
οὐχ	οὐ	13	d	-	-	-	-	-	-	-	-
ὁρῶμεν	ὁράω	14	v	1	p	p	i	a	-	-	-
προνοίαισι	πρόνοια	15	n	-	p	-	-	-	f	d	-
τοῦ	ὁ	16	l	-	s	-	-	-	n	g	-
πεπρωμένου	πόρω	17	v	-	s	r	p	e	n	g	-
γλῶσσαν	γλῶσσα	18	n	-	s	-	-	-	f	a	-
ἐν	ἐν	19	r	-	-	-	-	-	-	-	-
τύχᾳ	τύχη	20	n	-	s	-	-	-	f	d	-
νέμων	νέμω	21	v	-	s	p	p	a	m	n	-
;-	;-	22	-	-	-	-	-	-	-	-	-

τὰν	ὁ	1	l	-	s	-	-	-	f	a	-
δορίγαμβρον	δορίγαμβρος	2	a	-	s	-	-	-	f	a	-
ἀμφινεικῆ	ἀμφινεικής	3	a	-	s	-	-	-	f	a	-
θ'	τε	4	c	-	-	-	-	-	-	-	-
Ἑλέναν	Ἑλένη	5	n	-	s	-	-	-	f	a	-
;	;	6	u	-	-	-	-	-	-	-	-

ἐπεὶ	ἐπεί	1	c	-	-	-	-	-	-	-	-
πρεπόντως	πρεπόντως	2	d	-	-	-	-	-	-	-	-
ἑλένας	ἑλέναυς	3	n	-	s	-	-	-	f	n	-
,	,	4	u	-	-	-	-	-	-	-	-
ἕλανδρος	ἕλανδρος	5	a	-	s	-	-	-	f	n	-
,	,	6	u	-	-	-	-	-	-	-	-
ἑλέπτολις	ἑλέπτολις	7	a	-	s	-	-	-	f	n	-
,	,	8	u	-	-	-	-	-	-	-	-
ἐκ	ἐκ	9	r	-	-	-	-	-	-	-	-
τῶν	ὁ	10	l	-	p	-	-	-	n	g	-
ἁβροτίμων	ἁβρότιμος	11	a	-	p	-	-	-	n	g	-
προκαλυμμάτων	προκάλυμμα	12	n	-	p	-	-	-	n	g	-
ἔπλευσε	πλέω	13	v	3	s	a	i	a	-	-	-
ζεφύρου	ζέφυρος	14	n	-	s	-	-	-	m	g	-
γίγαντος	γίγας	15	n	-	s	-	-	-	m	g	-
αὔρᾳ	αὔρα	16	n	-	s	-	-	-	f	d	-
,	,	17	u	-	-	-	-	-	-	-	-
πολύανδροί	πολύανδρος	18	a	-	p	-	-	-	m	n	-
τε	τε	19	c	-	-	-	-	-	-	-	-
φεράσπιδες	φέρασπις	20	n	-	p	-	-	-	m	n	-
κυναγοὶ	κυναγός	21	n	-	p	-	-	-	m	n	-
κατ'	κατά	22	r	-	-	-	-	-	-	-	-
ἴχνος	ἴχνος	23	n	-	s	-	-	-	n	a	-
πλατᾶν	πλάτη	24	n	-	p	-	-	-	f	g	-
ἄφαντον	ἄφαντος	25	a	-	s	-	-	-	n	a	-
κελσάντων	κέλλω	26	v	-	p	a	p	a	m	g	-
Σιμόεντος	Σιμόεις	27	a	-	s	-	-	-	m	g	-
ἀκτὰς	ἀκτή	28	n	-	p	-	-	-	f	a	-
ἐπ'	ἐπί	29	r	-	-	-	-	-	-	-	-
ἀεξιφύλλους	ἀεξίφυλλος	30	a	-	p	-	-	-	f	a	-
δι'	διά	31	r	-	-	-	-	-	-	-	-
ἔριν	ἔρις	32	n	-	s	-	-	-	f	a	-
αἱματόεσσαν	αἱματόεις	33	a	-	s	-	-	-	f	a	-
.	.	34	u	-	-	-	-	-	-	-	-

Ἰλίῳ	Ἴλιος	1	n	-	s	-	-	-	f	d	-
δὲ	δέ	2	d	-	-	-	-	-	-	-	-
κῆδος	κῆδος	3	n	-	s	-	-	-	n	a	-
ὀρθώνυμον	ὀρθωνυμος	4	a	-	s	-	-	-	n	a	-
τελεσσίφρων	τελεσσίφρων	5	n	-	s	-	-	-	f	n	-
μῆνις	μῆνις	6	n	-	s	-	-	-	f	n	-
ἤλασεν	ἐλαύνω	7	v	3	s	a	i	a	-	-	-
,	,	8	u	-	-	-	-	-	-	-	-
τραπέζας	τράπεζα	9	n	-	s	-	-	-	f	g	-
ἀτίμωσιν	ἀτίμωσις	10	n	-	s	-	-	-	f	a	-
ὑστέρῳ	ὕστερος	11	a	-	s	-	-	-	n	d	-
χρόνῳ	χρόνος	12	n	-	s	-	-	-	m	d	-
καὶ	καί	13	c	-	-	-	-	-	-	-	-
ξυνεστίου	συνέστιος	14	a	-	s	-	-	-	m	g	-
Διὸς	Ζεύς	15	n	-	s	-	-	-	m	g	-
πρασσομένα	πράσσω	16	v	-	s	p	p	e	f	n	-
τὸ	ὁ	17	l	-	s	-	-	-	n	a	-
νυμφότιμον	νυμφότιμος	18	a	-	s	-	-	-	n	a	-
μέλος	μέλος	19	n	-	s	-	-	-	n	a	-
ἐκφάτως	ἔκφατος	20	a	-	p	-	-	-	f	a	-
τίοντας	τίω	21	v	-	p	p	p	a	m	a	-
,	,	22	u	-	-	-	-	-	-	-	-
ὑμέναιον	ὑμέναιος	23	n	-	s	-	-	-	m	a	-
,	,	24	u	-	-	-	-	-	-	-	-
ὃς	ὅς	25	p	-	s	-	-	-	m	n	-
τότ'	τότε	26	d	-	-	-	-	-	-	-	-
ἐπέρρεπεν	ἐπιρρέπω	27	v	3	s	i	i	a	-	-	-
γαμβροῖσιν	γαμβρός	28	n	-	p	-	-	-	m	d	-
ἀείδειν	ἀείδω	29	v	-	-	p	n	a	-	-	-
·	·	30	u	-	-	-	-	-	-	-	-

μεταμανθάνουσα	μεταμανθάνω	1	v	-	s	p	p	a	f	n	-
δ'	δέ	2	d	-	-	-	-	-	-	-	-
ὕμνον	ὕμνος	3	n	-	s	-	-	-	m	a	-
Πριάμου	Πρίαμος	4	n	-	s	-	-	-	m	g	-
πόλις	πόλις	5	n	-	s	-	-	-	f	n	-
γεραιὰ	γεραιός	6	a	-	s	-	-	-	f	n	-
πολύθρηνον	πολύθρηνος	7	a	-	s	-	-	-	m	a	-
μέγα	μέγας	8	a	-	s	-	-	-	n	a	-
που	πού	9	d	-	-	-	-	-	-	-	-
στένει	στένω	10	v	3	s	p	i	a	-	-	-
κικλήσκουσα	κικλέσκω	11	v	-	s	p	p	a	f	n	-
Πάριν	Πάρις	12	n	-	s	-	-	-	m	a	-
τὸν	ὁ	13	l	-	s	-	-	-	m	a	-
αἰνόλεκτρον	αἰνόλεκτρος	14	a	-	s	-	-	-	m	a	-
,	,	15	u	-	-	-	-	-	-	-	-
παμπορθῆ	παμπορθής	16	a	-	s	-	-	-	m	a	-
πολύθρηνον	πολύθρηνος	17	a	-	s	-	-	-	m	a	-
αἰῶνα	αἰών	18	n	-	s	-	-	-	m	a	-
διαὶ	διά	19	r	-	-	-	-	-	-	-	-
πολιτᾶν	πολίτης	20	n	-	p	-	-	-	m	g	-
μέλεον	μέλεος	21	a	-	s	-	-	-	n	a	-
αἷμ'	αἷμα	22	n	-	s	-	-	-	n	a	-
ἀνατλᾶσα	ἀνατλῆναι	23	v	-	s	p	p	a	f	n	-
.	.	24	u	-	-	-	-	-	-	-	-

ἔθρεψεν	τρέφω	1	v	3	s	a	i	a	-	-	-
δὲ	δέ	2	d	-	-	-	-	-	-	-	-
λέοντος	λέων	3	n	-	s	-	-	-	m	g	-
ἶνιν	ἶνις	4	n	-	s	-	-	-	m	a	-
δόμοις	δόμος	5	n	-	p	-	-	-	m	d	-
ἀγάλακτον	ἀγάλακτος	6	a	-	s	-	-	-	m	a	-
οὕτως	οὕτως	7	d	-	-	-	-	-	-	-	-
ἀνὴρ	ἀνήρ	8	n	-	s	-	-	-	m	n	-
φιλόμαστον	φιλόμαστος	9	a	-	s	-	-	-	m	a	-
,	,	10	u	-	-	-	-	-	-	-	-
ἐν	ἐν	11	r	-	-	-	-	-	-	-	-
βιότου	βίοτος	12	n	-	s	-	-	-	m	g	-
προτελείοις	προτέλειος	13	a	-	p	-	-	-	n	d	-
ἅμερον	ἥμερος	14	a	-	s	-	-	-	m	a	-
,	,	15	u	-	-	-	-	-	-	-	-
εὐφιλόπαιδα	εὐφιλόπαις	16	n	-	s	-	-	-	m	a	-
καὶ	καί	17	c	-	-	-	-	-	-	-	-
γεραροῖς	γεραρός	18	a	-	p	-	-	-	n	d	-
ἐπίχαρτον	ἐπίχαρτος	19	a	-	s	-	-	-	m	a	-
.	.	20	u	-	-	-	-	-	-	-	-

πολέα	πολύς	1	a	-	s	-	-	-	n	a	-
δ'	δέ	2	d	-	-	-	-	-	-	-	-
ἔσχ'	ἔχω	3	v	3	s	a	i	a	-	-	-
ἐν	ἐν	4	r	-	-	-	-	-	-	-	-
ἀγκάλαις	ἀγκάλη	5	n	-	p	-	-	-	f	d	-
νεοτρόφου	νεότροφος	6	a	-	s	-	-	-	n	g	-
τέκνου	τέκνον	7	n	-	s	-	-	-	n	g	-
δίκαν	δίκη	8	n	-	s	-	-	-	f	a	-
,	,	9	u	-	-	-	-	-	-	-	-
φαιδρωπὸς	φαιδρωπός	10	a	-	s	-	-	-	m	n	-
ποτὶ	πρός	11	r	-	-	-	-	-	-	-	-
χεῖρα	χείρ	12	n	-	s	-	-	-	f	a	-
σαίνων	σαίνω	13	v	-	s	p	p	a	m	-	-
τε	τε	14	c	-	-	-	-	-	-	-	-
γαστρὸς	γαστήρ	15	n	-	s	-	-	-	f	g	-
ἀνάγκαις	ἀνάγκη	16	n	-	p	-	-	-	f	d	-
.	.	17	u	-	-	-	-	-	-	-	-

χρονισθεὶς	χρονίζω	1	v	-	s	a	p	p	m	n	-
δ'	δέ	2	d	-	-	-	-	-	-	-	-
ἀπέδειξεν	ἀποδείκνυμι	3	v	3	s	a	i	a	-	-	-
ἦθος	ἤθος	4	n	-	s	-	-	-	n	a	-
τὸ	ὁ	5	l	-	s	-	-	-	n	a	-
πρὸς	πρός	6	r	-	-	-	-	-	-	-	-
τοκέων	τοκεύς	7	n	-	p	-	-	-	m	g	-
·	·	8	u	-	-	-	-	-	-	-	-

χάριν	χάρις	1	n	-	s	-	-	-	f	a	-
γὰρ	γάρ	2	d	-	-	-	-	-	-	-	-
τροφεῦσιν	τρέφω	3	v	-	p	p	p	a	m	d	-
ἀμείβων	ἀμείβω	4	v	-	s	p	p	a	m	n	-
μηλοφόνοισιν	μηλοφόνος	5	a	-	p	-	-	-	f	d	-
ἐν	ἐν	6	r	-	-	-	-	-	-	-	-
ἄταις	ἄτη	7	n	-	p	-	-	-	f	d	-
δαῖτ'	δαίτη	8	n	-	s	-	-	-	f	a	-
ἀκέλευστος	ἀκέλευστος	9	a	-	s	-	-	-	m	n	-
ἔτευξεν	τεύχω	10	v	3	s	a	i	a	-	-	-
·	·	11	u	-	-	-	-	-	-	-	-

αἵματι	αἷμα	1	n	-	s	-	-	-	n	d	-
δ'	δέ	2	d	-	-	-	-	-	-	-	-
οἶκος	οἶκος	3	n	-	s	-	-	-	m	n	-
ἐφύρθη	φύρω	4	v	3	s	a	i	p	-	-	-
,	,	5	u	-	-	-	-	-	-	-	-
ἄμαχον	ἄμαχος	6	a	-	s	-	-	-	n	a	-
ἄλγος	ἄλγος	7	n	-	s	-	-	-	n	a	-
οἰκέταις	οἰκέτης	8	n	-	p	-	-	-	m	d	-
μέγα	μέγας	9	a	-	s	-	-	-	n	a	-
σίνος	σίνος	10	n	-	s	-	-	-	n	a	-
πολυκτόνον	πολυκτόνος	11	a	-	s	-	-	-	n	a	-
.	.	12	u	-	-	-	-	-	-	-	-

ἐκ	ἐκ	1	r	-	-	-	-	-	-	-	-
θεοῦ	θεός	2	n	-	s	-	-	-	m	g	-
δ'	δέ	3	d	-	-	-	-	-	-	-	-
ἱερεύς	ἱερεύς	4	n	-	s	-	-	-	m	n	-
τις	τις	5	p	-	s	-	-	-	m	n	-
ἄτας	ἄτη	6	n	-	s	-	-	-	f	g	-
δόμοις	δόμος	7	n	-	p	-	-	-	m	d	-
προσεθρέφθη	προστρέφω	8	v	3	s	a	i	p	-	-	-
.	.	9	u	-	-	-	-	-	-	-	-

πάραυτα	πάραυτα	1	d	-	-	-	-	-	-	-	-
δ'	δέ	2	d	-	-	-	-	-	-	-	-
ἐλθεῖν	ἔρχομαι	3	v	-	-	a	n	a	-	-	-
ἐς	εἰς	4	r	-	-	-	-	-	-	-	-
Ἰλίου	Ἴλιος	5	a	-	s	-	-	-	f	g	-
πόλιν	πόλις	6	n	-	s	-	-	-	f	a	-
λέγοιμ'	λέγω	7	v	1	s	p	o	a	-	-	-
ἂν	ἄν1	8	d	-	-	-	-	-	-	-	-
φρόνημα	φρόνημα	9	n	-	s	-	-	-	n	n	-
μὲν	μέν	10	d	-	-	-	-	-	-	-	-
νηνέμου	νήνεμος	11	a	-	s	-	-	-	f	g	-
γαλάνας	γαλήνη	12	n	-	s	-	-	-	f	g	-
,	,	13	u	-	-	-	-	-	-	-	-
ἀκασκαῖον	ἀκασκαῖος	14	a	-	s	-	-	-	n	n	-
δ'	δέ	15	d	-	-	-	-	-	-	-	-
ἄγαλμα	ἄγαλμα	16	n	-	s	-	-	-	n	n	-
πλούτου	πλοῦτος	17	n	-	s	-	-	-	m	g	-
,	,	18	u	-	-	-	-	-	-	-	-
μαλθακὸν	μαλθακός	19	a	-	s	-	-	-	n	n	-
ὀμμάτων	ὄμμα	20	n	-	p	-	-	-	n	g	-
βέλος	βέλος	21	n	-	s	-	-	-	n	n	-
,	,	22	u	-	-	-	-	-	-	-	-
δηξίθυμον	δηξίθυμος	23	a	-	s	-	-	-	n	n	-
ἔρωτος	ἔρως	24	n	-	s	-	-	-	m	g	-
ἄνθος	ἄνθος	25	n	-	s	-	-	-	n	n	-
.	.	26	u	-	-	-	-	-	-	-	-

παρακλίνασ'	παρακλίνω	1	v	-	s	a	p	a	f	n	-
ἐπέκρανεν	ἐπικραίνω	2	v	3	s	a	i	a	-	-	-
δὲ	δέ	3	d	-	-	-	-	-	-	-	-
γάμου	γάμος	4	n	-	s	-	-	-	m	g	-
πικρὰς	πικρός	5	a	-	p	-	-	-	f	a	-
τελευτάς	τελευτή	6	n	-	p	-	-	-	f	a	-
,	,	7	u	-	-	-	-	-	-	-	-
δύσεδρος	δύσεδρος	8	a	-	s	-	-	-	f	n	-
καὶ	καί	9	c	-	-	-	-	-	-	-	-
δυσόμιλος	δυσόμιλος	10	a	-	s	-	-	-	f	n	-
συμένα	σεύω	11	v	-	s	a	p	m	f	n	-
Πριαμίδαισιν	Πριαμίδης	12	n	-	p	-	-	-	m	d	-
,	,	13	u	-	-	-	-	-	-	-	-
πομπᾷ	πομπή	14	n	-	s	-	-	-	f	d	-
Διὸς	Ζεύς	15	n	-	s	-	-	-	m	g	-
ξενίου	ξένιος	16	a	-	s	-	-	-	m	g	-
,	,	17	u	-	-	-	-	-	-	-	-
νυμφόκλαυτος	νυμφόκλαυτος	18	a	-	s	-	-	-	f	n	-
Ἐρινύς	Ἐρινύς	19	n	-	s	-	-	-	f	n	-
.	.	20	u	-	-	-	-	-	-	-	-

παλαίφατος	παλαίφατος	1	a	-	s	-	-	-	m	n	-
δ'	δέ	2	d	-	-	-	-	-	-	-	-
ἐν	ἐν	3	r	-	-	-	-	-	-	-	-
βροτοῖς	βροτός	4	n	-	p	-	-	-	m	d	-
γέρων	γέρων	5	n	-	s	-	-	-	m	n	-
λόγος	λόγος	6	n	-	s	-	-	-	m	n	-
τέτυκται	τεύχω	7	v	3	s	r	i	e	-	-	-
,	,	8	u	-	-	-	-	-	-	-	-
μέγαν	μέγας	9	a	-	s	-	-	-	m	a	-
τελεσθέντα	τελέω	10	v	-	s	a	p	p	m	a	-
φωτὸς	φώς	11	n	-	s	-	-	-	m	g	-
ὄλβον	ὄλβος	12	n	-	s	-	-	-	m	a	-
τεκνοῦσθαι	τεκνόω	13	v	-	-	p	n	e	-	-	-
μη	μηδέ	14	c	-	-	-	-	-	-	-	-
δ'	δέ	15	d	-	-	-	-	-	-	-	-
ἄπαιδα	ἄπαις	16	n	-	s	-	-	-	m	a	-
θνῄσκειν	θνήσκω	17	v	-	-	p	n	a	-	-	-
,	,	18	u	-	-	-	-	-	-	-	-
ἐκ	ἐκ	19	r	-	-	-	-	-	-	-	-
δ'	δέ	20	d	-	-	-	-	-	-	-	-
ἀγαθᾶς	ἀγαθός	21	a	-	s	-	-	-	f	g	-
τύχας	τύχη	22	n	-	s	-	-	-	f	g	-
γένει	γένος	23	n	-	s	-	-	-	n	d	-
βλαστάνειν	βλαστάνω	24	v	-	-	p	n	a	-	-	-
ἀκόρεστον	ἀκόρεστος	25	a	-	s	-	-	-	f	a	-
οἰζύν	ὀιζύς	26	n	-	s	-	-	-	f	a	-
.	.	27	u	-	-	-	-	-	-	-	-

δίχα	δίχα	1	r	-	-	-	-	-	-	-	-
δ'	δέ	2	d	-	-	-	-	-	-	-	-
ἄλλων	ἄλλος	3	p	-	p	-	-	-	m	g	-
μονόφρων	μονόφρων	4	a	-	s	-	-	-	m	n	-
εἰμί	εἰμί	5	v	1	s	p	i	a	-	-	-
·	·	6	u	-	-	-	-	-	-	-	-

τὸ	ὁ	1	l	-	s	-	-	-	n	n	-
δυσσεβὲς	δυσσεβής	2	a	-	s	-	-	-	n	n	-
γὰρ	γάρ	3	d	-	-	-	-	-	-	-	-
ἔργον	ἔργον	4	n	-	s	-	-	-	n	n	-
μετὰ	μετά	5	r	-	-	-	-	-	-	-	-
μὲν	μέν	6	d	-	-	-	-	-	-	-	-
πλείονα	πλείων	7	a	-	p	-	-	-	n	a	c
τίκτει	τίκτω	8	v	3	s	p	i	a	-	-	-
,	,	9	u	-	-	-	-	-	-	-	-
σφετέρᾳ	σφέτερος	10	p	-	s	-	-	-	f	d	-
δ'	δέ	11	d	-	-	-	-	-	-	-	-
εἰκότα	ἔοικα	12	v	-	p	r	p	a	n	a	-
γέννᾳ	γέννα	13	n	-	s	-	-	-	f	d	-
.	.	14	u	-	-	-	-	-	-	-	-

οἴκων	οἶκος	1	n	-	p	-	-	-	m	g	-
δ'	δέ	2	d	-	-	-	-	-	-	-	-
ἄρ'	ἄρα	3	d	-	-	-	-	-	-	-	-
εὐθυδίκων	εὐθύδικος	4	a	-	p	-	-	-	m	g	-
καλλίπαις	καλλίπαις	5	n	-	s	-	-	-	m	n	-
πότμος	πότμος	6	n	-	s	-	-	-	m	n	-
αἰεί	ἀεί	7	d	-	-	-	-	-	-	-	-
.	.	8	u	-	-	-	-	-	-	-	-

φιλεῖ	φιλέω	1	v	3	s	p	i	a	-	-	-
δὲ	δέ	2	d	-	-	-	-	-	-	-	-
τίκτειν	τίκτω	3	v	-	-	p	n	a	-	-	-
Ὕβρις	ὕβρις	4	n	-	s	-	-	-	f	n	-
μὲν	μέν	5	d	-	-	-	-	-	-	-	-
παλαιὰ	παλαιός	6	a	-	s	-	-	-	f	n	-
νεάζουσαν	νεάζω	7	v	-	s	p	p	a	f	a	-
ἐν	ἐν	8	r	-	-	-	-	-	-	-	-
κακοῖς	κακός	9	a	-	p	-	-	-	n	d	-
βροτῶν	βροτός	10	n	-	p	-	-	-	m	g	-
ὕβριν	ὕβρις	11	n	-	s	-	-	-	f	a	-
τότ'	τότε	12	d	-	-	-	-	-	-	-	-
ἢ	ἤ	13	c	-	-	-	-	-	-	-	-
τόθ'	τόθι	14	d	-	-	-	-	-	-	-	-
,	,	15	u	-	-	-	-	-	-	-	-
ὅτε	ὅτε	16	c	-	-	-	-	-	-	-	-
τὸ	ὁ	17	l	-	s	-	-	-	n	n	-
κύριον	κύριος	18	a	-	s	-	-	-	n	n	-
μόλῃ	βλώσκω	19	v	3	s	a	s	a	-	-	-
φάος	φάος	20	n	-	s	-	-	-	n	n	-
τόκου	τόκος	21	n	-	s	-	-	-	m	g	-
,	,	22	u	-	-	-	-	-	-	-	-
δαίμονά	δαίμων	23	n	-	s	-	-	-	m	a	-
τε	τε	24	c	-	-	-	-	-	-	-	-
τὰν	ὁ	25	l	-	s	-	-	-	f	a	-
ἄμαχον	ἄμαχος	26	a	-	s	-	-	-	f	a	-
ἀπόλεμον	ἀπόλεμος	27	a	-	s	-	-	-	f	a	-
,	,	28	u	-	-	-	-	-	-	-	-
ἀνίερον	ἀνίερος	29	a	-	s	-	-	-	n	n	-
Θράσος	θράσος	30	n	-	s	-	-	-	n	n	-
,	,	31	u	-	-	-	-	-	-	-	-
μελαίνας	μέλας	32	a	-	p	-	-	-	f	a	-
μελάθροισιν	μέλαθρον	33	n	-	p	-	-	-	n	d	-
Ἄτας	ἄτη	34	n	-	p	-	-	-	f	a	-
,	,	35	u	-	-	-	-	-	-	-	-
εἰδομένας	εἴδομαι	36	v	-	p	p	p	e	f	a	-
τοκεῦσιν	τοκεύς	37	n	-	p	-	-	-	m	d	-
.	.	38	u	-	-	-	-	-	-	-	-

Δίκα	δίκη	1	n	-	s	-	-	-	f	n	-
δὲ	δέ	2	d	-	-	-	-	-	-	-	-
λάμπει	λάμπω	3	v	3	s	p	i	a	-	-	-
μὲν	μέν	4	d	-	-	-	-	-	-	-	-
ἐν	ἐν	5	r	-	-	-	-	-	-	-	-
δυσκάπνοις	δύσκαπνος	6	a	-	p	-	-	-	n	d	-
δώμασιν	δῶμα	7	n	-	p	-	-	-	n	d	-
,	,	8	u	-	-	-	-	-	-	-	-
τὸν	ὁ	9	l	-	s	-	-	-	m	a	-
δ'	δέ	10	d	-	-	-	-	-	-	-	-
ἐναίσιμον	ἐναίσιμος	11	a	-	s	-	-	-	m	a	-
τίει	τίω	12	v	3	s	p	i	a	-	-	-
[βίον]	[βίον]	13	n	-	s	-	-	-	m	a	-
.	.	14	u	-	-	-	-	-	-	-	-

τὰ	ὁ	1	l	-	p	-	-	-	n	a	-
χρυσόπαστα	χρυσόπαστος	2	a	-	p	-	-	-	n	a	-
δ'	δέ	3	d	-	-	-	-	-	-	-	-
ἔδεθλα	ἔδεθλον	4	n	-	p	-	-	-	n	a	-
σὺν	σύν	5	r	-	-	-	-	-	-	-	-
πίνῳ	πίνος	6	n	-	s	-	-	-	m	d	-
χερῶν	χείρ	7	n	-	p	-	-	-	f	g	-
παλιντρόποις	παλίντροπος	8	a	-	p	-	-	-	n	d	-
ὄμμασι	ὄμμα	9	n	-	p	-	-	-	n	d	-
λιποῦσ'	λιπάω	10	v	-	p	p	p	a	f	n	-
,	,	11	u	-	-	-	-	-	-	-	-
ὅσια	ὅσιος	12	a	-	p	-	-	-	n	a	-
προσέμολε	προσβλώσκω	13	v	3	s	a	i	a	-	-	-
,	,	14	u	-	-	-	-	-	-	-	-
δύναμιν	δύναμις	15	n	-	s	-	-	-	f	a	-
οὐ	οὐ	16	d	-	-	-	-	-	-	-	-
σέβουσα	σέβω	17	v	-	s	p	p	a	f	n	-
πλούτου	πλοῦτος	18	n	-	s	-	-	-	m	g	-
παράσημον	παράσημος	19	a	-	s	-	-	-	f	a	-
αἴνῳ	αἶνος	20	n	-	s	-	-	-	m	d	-
·	·	21	u	-	-	-	-	-	-	-	-

πᾶν	πᾶς	1	p	-	s	-	-	-	n	a	-
δ'	δέ	2	d	-	-	-	-	-	-	-	-
ἐπὶ	ἐπί	3	r	-	-	-	-	-	-	-	-
τέρμα	τέρμα	4	n	-	s	-	-	-	n	a	-
νωμᾷ	νωμάω	5	v	3	s	p	i	a	-	-	-
.	.	6	u	-	-	-	-	-	-	-	-

ἄγε	ἄγε	1	d	-	-	-	-	-	-	-	-
δή	δή	2	d	-	-	-	-	-	-	-	-
,	,	3	u	-	-	-	-	-	-	-	-
βασιλεῦ	βασιλεύς	4	n	-	s	-	-	-	m	v	-
,	,	5	u	-	-	-	-	-	-	-	-
Τροίας	Τροία	6	n	-	s	-	-	-	f	g	-
πτολίπορθ'	πτολίπορθος	7	a	-	s	-	-	-	m	v	-
,	,	8	u	-	-	-	-	-	-	-	-
Ἀτρέως	Ἀτρεύς	9	n	-	s	-	-	-	m	g	-
γένεθλον	γένεθλον	10	n	-	s	-	-	-	n	v	-
,	,	11	u	-	-	-	-	-	-	-	-
πῶς	πῶς	12	d	-	-	-	-	-	-	-	-
σε	σύ	13	p	-	s	-	-	-	m	a	-
προσείπω	προσεῖπον	14	v	1	s	a	s	a	-	-	-
;	;	15	u	-	-	-	-	-	-	-	-

πῶς	πῶς	1	d	-	-	-	-	-	-	-	-
σε	σύ	2	p	-	s	-	-	-	m	a	-
σεβίζω	σεβίζω	3	v	1	s	p	s	a	-	-	-
μή	μήτε	4	c	-	-	-	-	-	-	-	-
θ'	μήτε	5	c	-	-	-	-	-	-	-	-
ὑπεράρας	ὑπεραίρω	6	v	-	s	a	p	a	m	n	-
μή	μήτε	7	c	-	-	-	-	-	-	-	-
θ'	μήτε	8	c	-	-	-	-	-	-	-	-
ὑποκάμψας	ὑποκάμπτω	9	v	-	s	a	p	a	m	n	-
καιρὸν	καιρός	10	n	-	s	-	-	-	m	a	-
χάριτος	χάρις	11	n	-	s	-	-	-	f	g	-
;	;	12	u	-	-	-	-	-	-	-	-

πολλοὶ	πολύς	1	a	-	p	-	-	-	m	n	-
δὲ	δέ	2	d	-	-	-	-	-	-	-	-
βροτῶν	βροτός	3	n	-	p	-	-	-	m	g	-
τὸ	ὁ	4	l	-	s	-	-	-	n	a	-
δοκεῖν	δοκέω	5	v	-	-	p	n	a	-	-	-
εἶναι	εἰμί	6	v	-	-	p	n	a	-	-	-
προτίουσι	προτίω	7	v	3	p	p	i	a	-	-	-
δίκην	δίκη	8	n	-	s	-	-	-	f	a	-
παραβάντες	παραβαίνω	9	v	-	p	a	p	a	m	n	-
.	.	10	u	-	-	-	-	-	-	-	-

τῷ	ὁ	1	l	-	s	-	-	-	m	d	-
δυσπραγοῦντι	δυσπραγέω	2	v	-	s	p	p	a	m	d	-
δ'	δέ	3	d	-	-	-	-	-	-	-	-
ἐπιστενάχειν	ἐπιστενάχω	4	v	-	-	p	n	a	-	-	-
πᾶς	πᾶς	5	p	-	s	-	-	-	m	n	-
τις	τις	6	p	-	s	-	-	-	m	n	-
ἕτοιμος	ἑτοῖμος	7	a	-	s	-	-	-	m	n	-
·	·	8	u	-	-	-	-	-	-	-	-

δῆγμα	δῆγμα	1	n	-	s	-	-	-	n	n	-
δὲ	δέ	2	d	-	-	-	-	-	-	-	-
λύπης	λύπη	3	n	-	s	-	-	-	f	g	-
οὐδὲν	οὐδείς	4	p	-	s	-	-	-	n	a	-
ἐφ'	ἐπί	5	r	-	-	-	-	-	-	-	-
ἧπαρ	ἧπαρ	6	n	-	s	-	-	-	n	a	-
προσικνεῖται	προσικνέομαι	7	v	3	s	p	i	e	-	-	-
·	·	8	u	-	-	-	-	-	-	-	-

καὶ	καί	1	c	-	-	-	-	-	-	-	-
ξυγχαίρουσιν	συγχαίρω	2	v	3	p	p	i	a	-	-	-
ὁμοιοπρεπεῖς	ὁμοιοπρεπής	3	a	-	p	-	-	-	m	n	-
ἀγέλαστα	ἀγέλαστος	4	a	-	p	-	-	-	n	a	-
πρόσωπα	πρόσωπον	5	n	-	p	-	-	-	n	a	-
βιαζόμενοι	βιάζω	6	v	-	p	p	p	e	m	n	-
.	.	7	u	-	-	-	-	-	-	-	-

ὅστις	ὅστις	1	p	-	s	-	-	-	m	n	-
δ'	δέ	2	d	-	-	-	-	-	-	-	-
ἀγαθὸς	ἀγαθός	3	a	-	s	-	-	-	m	n	-
προβατογνώμων	προβατογνώμων	4	a	-	s	-	-	-	m	n	-
,	,	5	u	-	-	-	-	-	-	-	-
οὐκ	οὐ	6	d	-	-	-	-	-	-	-	-
ἔστι	εἰμί	7	v	3	s	p	i	a	-	-	-
λαθεῖν	λανθάνω	8	v	-	-	a	n	a	-	-	-
ὄμματα	ὄμμα	9	n	-	p	-	-	-	n	a	-
φωτός	φώς	10	n	-	s	-	-	-	m	g	-
,	,	11	u	-	-	-	-	-	-	-	-
τὰ	ὁ	12	l	-	p	-	-	-	n	a	-
δοκοῦντ'	δοκέω	13	v	-	p	p	p	a	n	a	-
εὔφρονος	εὔφρων	14	a	-	s	-	-	-	f	g	-
ἐκ	ἐκ	15	r	-	-	-	-	-	-	-	-
διανοίας	διάνοια	16	n	-	s	-	-	-	f	g	-
ὑδαρεῖ	ὑδαρής	17	a	-	s	-	-	-	f	d	-
σαίνειν	σαίνω	18	v	-	-	p	n	a	-	-	-
φιλότητι	φιλότης	19	n	-	s	-	-	-	f	d	-
.	.	20	u	-	-	-	-	-	-	-	-

σὺ	σύ	1	p	-	s	-	-	-	m	n	-
δέ	δέ	2	d	-	-	-	-	-	-	-	-
μοι	ἐγώ	3	p	-	s	-	-	-	m	d	-
τότε	τότε	4	d	-	-	-	-	-	-	-	-
μὲν	μέν	5	d	-	-	-	-	-	-	-	-
στέλλων	στέλλω	6	v	-	s	p	p	a	m	n	-
στρατιὰν	στρατιά	7	n	-	s	-	-	-	f	a	-
Ἑλένης	Ἑλένη	8	n	-	s	-	-	-	f	g	-
ἕνεκ'	ἕνεκα	9	r	-	-	-	-	-	-	-	-
,	,	10	u	-	-	-	-	-	-	-	-
οὐ	οὐ	11	d	-	-	-	-	-	-	-	-
γάρ	γάρ	12	d	-	-	-	-	-	-	-	-
σ'	σύ	13	p	-	s	-	-	-	-	a	-
ἐπικεύσω	ἐπικεύθω	14	v	1	s	f	i	a	-	-	-
,	,	15	u	-	-	-	-	-	-	-	-
κάρτ'	κάρτα	16	d	-	-	-	-	-	-	-	-
ἀπομούσως	ἀπόμουσος	17	d	-	-	-	-	-	-	-	-
ἦσθα	εἰμί	18	v	2	s	i	i	a	-	-	-
γεγραμμένος	γράφω	19	v	-	s	r	p	e	m	n	-
,	,	20	u	-	-	-	-	-	-	-	-
οὐ	οὐδέ	21	c	-	-	-	-	-	-	-	-
δ'	δέ	22	d	-	-	-	-	-	-	-	-
εὖ	εὖ	23	d	-	-	-	-	-	-	-	-
πραπίδων	πραπίδες	24	n	-	p	-	-	-	f	g	-
οἴακα	οἴαξ	25	n	-	s	-	-	-	m	a	-
νέμων	νέμω	26	v	-	s	p	p	a	m	n	-
θράσος	θράσος	27	n	-	s	-	-	-	n	a	-
ἐκ	ἐκ	28	r	-	-	-	-	-	-	-	-
θυσιῶν	θυσία	29	n	-	p	-	-	-	f	g	-
ἀνδράσι	ἀνήρ	30	n	-	p	-	-	-	m	d	-
θνῄσκουσι	θνήσκω	31	v	-	p	p	p	a	m	d	-
κομίζων	κομίζω	32	v	-	s	p	p	a	m	n	-
.	.	33	u	-	-	-	-	-	-	-	-

νῦν	νῦν	1	d	-	-	-	-	-	-	-	-
δ'	δέ	2	d	-	-	-	-	-	-	-	-
οὐκ	οὐ	3	d	-	-	-	-	-	-	-	-
ἀπ'	ἀπό	4	r	-	-	-	-	-	-	-	-
ἄκρας	ἄκρος	5	a	-	s	-	-	-	f	g	-
φρενὸς	φρήν	6	n	-	s	-	-	-	f	g	-
οὐ	οὐδέ	7	c	-	-	-	-	-	-	-	-
δ'	δέ	8	d	-	-	-	-	-	-	-	-
ἀφίλως	ἄφιλος	9	d	-	-	-	-	-	-	-	-
εὔφρων	εὔφρων	10	a	-	s	-	-	-	m	n	-
πόνος	πόνος	11	n	-	s	-	-	-	m	n	-
εὖ	εὖ	12	d	-	-	-	-	-	-	-	-
τελέσασιν	τελέω	13	v	-	p	a	p	a	m	d	-
.	.	14	u	-	-	-	-	-	-	-	-

γνώσῃ	γιγνώσκω	1	v	2	s	f	i	m	-	-	-
δὲ	δέ	2	d	-	-	-	-	-	-	-	-
χρόνῳ	χρόνος	3	n	-	s	-	-	-	m	d	-
διαπευθόμενος	διαπεύθομαι	4	v	-	s	p	p	e	m	n	-
τόν	ὁ	5	l	-	s	-	-	-	m	a	-
τε	τε	6	c	-	-	-	-	-	-	-	-
δικαίως	δίκαιος	7	d	-	-	-	-	-	-	-	-
καὶ	καί	8	c	-	-	-	-	-	-	-	-
τὸν	ὁ	9	l	-	s	-	-	-	m	a	-
ἀκαίρως	ἄκαιρος	10	d	-	-	-	-	-	-	-	-
πόλιν	πόλις	11	n	-	s	-	-	-	f	a	-
οἰκουροῦντα	οἰκουρέω	12	v	-	s	p	p	a	m	a	-
πολιτῶν	πολίτης	13	n	-	p	-	-	-	m	g	-
.	.	14	u	-	-	-	-	-	-	-	-

πρῶτον	πρῶτος	1	a	-	s	-	-	-	n	a	-
μὲν	μέν	2	d	-	-	-	-	-	-	-	-
Ἄργος	Ἄργος	3	n	-	s	-	-	-	n	a	-
καὶ	καί	4	c	-	-	-	-	-	-	-	-
θεοὺς	θεός	5	n	-	p	-	-	-	m	a	-
ἐγχωρίους	ἐγχώριος	6	a	-	p	-	-	-	m	a	-
δίκη	δίκη	7	n	-	s	-	-	-	f	n	-
προσειπεῖν	προσεῖπον	8	v	-	-	a	n	a	-	-	-
,	,	9	u	-	-	-	-	-	-	-	-
τοὺς	ὁ	10	l	-	p	-	-	-	m	a	-
ἐμοὶ	ἐμός	11	p	-	p	-	-	-	m	n	-
μεταιτίους	μεταίτιος	12	a	-	p	-	-	-	m	a	-
νόστου	νόστος	13	n	-	s	-	-	-	m	g	-
δικαίων	δίκαιος	14	a	-	p	-	-	-	n	g	-
θ'	τε	15	c	-	-	-	-	-	-	-	-
ὧν	ὅς	16	p	-	p	-	-	-	n	g	-
ἐπραξάμην	πράσσω	17	v	1	s	a	i	m	-	-	-
πόλιν	πόλις	18	n	-	s	-	-	-	f	a	-
Πριάμου	Πρίαμος	19	n	-	s	-	-	-	m	g	-
·	·	20	u	-	-	-	-	-	-	-	-

δίκας	δίκη	1	n	-	p	-	-	-	f	a	-
γὰρ	γάρ	2	d	-	-	-	-	-	-	-	-
οὐκ	οὐ	3	d	-	-	-	-	-	-	-	-
ἀπὸ	ἀπό	4	r	-	-	-	-	-	-	-	-
γλώσσης	γλῶσσα	5	n	-	s	-	-	-	f	g	-
θεοὶ	θεός	6	n	-	p	-	-	-	m	n	-
κλύοντες	κλύω	7	v	-	p	p	p	a	m	n	-
ἀνδροθνῆτας	ἀνδροθνής	8	n	-	p	-	-	-	f	a	-
Ἰλίου	Ἴλιος	9	a	-	s	-	-	-	n	g	-
φθορὰς	φθορά	10	n	-	p	-	-	-	f	a	-
ἐς	εἰς	11	r	-	-	-	-	-	-	-	-
αἱματηρὸν	αἱματηρός	12	a	-	s	-	-	-	n	a	-
τεῦχος	τεῦχος	13	n	-	s	-	-	-	n	a	-
οὐ	οὐ	14	d	-	-	-	-	-	-	-	-
διχορρόπως	διχόρροπος	15	d	-	-	-	-	-	-	-	-
ψήφους	ψῆφος	16	n	-	p	-	-	-	f	a	-
ἔθεντο	τίθημι	17	v	3	p	a	i	m	-	-	-
·	·	18	u	-	-	-	-	-	-	-	-

τῷ	ὁ	1	l	-	s	-	-	-	n	d	-
δ'	δέ	2	d	-	-	-	-	-	-	-	-
ἐναντίῳ	ἐναντίος	3	a	-	s	-	-	-	n	d	-
κύτει	κύτος	4	n	-	s	-	-	-	n	d	-
ἐλπὶς	ἐλπίς	5	n	-	s	-	-	-	f	n	-
προσῄει	πρόσειμι	6	v	3	s	i	i	a	-	-	-
χειρὸς	χείρ	7	n	-	s	-	-	-	f	g	-
οὐ	οὐ	8	d	-	-	-	-	-	-	-	-
πληρουμένῳ	πληρόω	9	v	-	s	p	p	e	n	d	-
.	.	10	u	-	-	-	-	-	-	-	-

καπνῷ	καπνός	1	n	-	s	-	-	-	m	d	-
δ'	δέ	2	d	-	-	-	-	-	-	-	-
ἁλοῦσα	ἁλίσκομαι	3	v	-	s	a	p	a	f	n	-
νῦν	νῦν	4	d	-	-	-	-	-	-	-	-
ἔτ'	ἔτι	5	d	-	-	-	-	-	-	-	-
εὔσημος	εὔσημος	6	a	-	s	-	-	-	f	n	-
πόλις	πόλις	7	n	-	s	-	-	-	f	n	-
.	.	8	u	-	-	-	-	-	-	-	-

ἄτης	ἄτη	1	n	-	s	-	-	-	f	g	-
θύελλαι	θύελλα	2	n	-	p	-	-	-	f	n	-
ζῶσι	ζάω	3	v	3	p	p	i	a	-	-	-
·	·	4	u	-	-	-	-	-	-	-	-

συνθνῄσκουσα	συνθνήσκω	1	v	-	s	p	p	a	f	n	-
δὲ	δέ	2	d	-	-	-	-	-	-	-	-
σποδὸς	σποδός	3	n	-	s	-	-	-	f	n	-
προπέμπει	προπέμπω	4	v	3	s	p	i	a	-	-	-
πίονας	πίων	5	a	-	p	-	-	-	f	a	-
πλούτου	πλοῦτος	6	n	-	s	-	-	-	m	g	-
πνοάς	πνοή	7	n	-	p	-	-	-	f	a	-
.	.	8	u	-	-	-	-	-	-	-	-

τούτων	οὗτος	1	p	-	p	-	-	-	n	g	-
θεοῖσι	θεός	2	n	-	p	-	-	-	m	d	-
χρὴ	χρή	3	v	3	s	p	i	a	-	-	-
πολύμνηστον	πολύμνηστος	4	a	-	s	-	-	-	f	a	-
χάριν	χάρις	5	n	-	s	-	-	-	f	a	-
τίνειν	τίνω	6	v	-	-	p	n	a	-	-	-
,	,	7	u	-	-	-	-	-	-	-	-
ἐπείπερ	ἐπείπερ	8	c	-	-	-	-	-	-	-	-
καὶ	καί	9	c	-	-	-	-	-	-	-	-
πάγας	πάγη	10	n	-	p	-	-	-	f	a	-
ὑπερκότους	ὑπέρκοτος	11	a	-	p	-	-	-	f	a	-
ἐφραξάμεσθα	φράσσω	12	v	1	p	a	i	m	-	-	-
καὶ	καί	13	c	-	-	-	-	-	-	-	-
γυναικὸς	γυνή	14	n	-	s	-	-	-	f	g	-
οὕνεκα	οὕνεκα	15	r	-	-	-	-	-	-	-	-
πόλιν	πόλις	16	n	-	s	-	-	-	f	a	-
διημάθυνεν	διαμαθύνω	17	v	3	s	i	i	a	-	-	-
Ἀργεῖον	Ἀργεῖος	18	a	-	s	-	-	-	n	n	-
δάκος	δάκος	19	n	-	s	-	-	-	n	n	-
,	,	20	u	-	-	-	-	-	-	-	-
ἵππου	ἵππος	21	n	-	s	-	-	-	m	g	-
νεοσσός	νεοσσός	22	n	-	s	-	-	-	m	n	-
,	,	23	u	-	-	-	-	-	-	-	-
ἀσπιδηφόρος	ἀσπιδηφόρος	24	a	-	s	-	-	-	m	n	-
λεώς	λαός	25	n	-	s	-	-	-	m	n	-
,	,	26	u	-	-	-	-	-	-	-	-
πήδημ'	πήδημα	27	n	-	s	-	-	-	n	a	-
ὀρούσας	ὀρούω	28	v	-	s	a	p	a	m	n	-
ἀμφὶ	ἀμφί	29	r	-	-	-	-	-	-	-	-
Πλειάδων	Πλειάδες	30	n	-	p	-	-	-	f	g	-
δύσιν	δύσις	31	n	-	s	-	-	-	f	a	-
·	·	32	u	-	-	-	-	-	-	-	-

ὑπερθορὼν	ὑπερθρῴσκω	1	v	-	p	a	p	a	m	n	-
δὲ	δέ	2	d	-	-	-	-	-	-	-	-
πύργον	πύργος	3	n	-	s	-	-	-	m	a	-
ὠμηστὴς	ὠμηστής	4	n	-	s	-	-	-	m	n	-
λέων	λέων	5	n	-	s	-	-	-	m	n	-
ἄδην	ἅδην	6	d	-	-	-	-	-	-	-	-
ἔλειξεν	λείχω	7	v	3	s	a	i	a	-	-	-
αἵματος	αἷμα	8	n	-	s	-	-	-	n	g	-
τυραννικοῦ	τυραννικός	9	a	-	s	-	-	-	n	g	-
.	.	10	u	-	-	-	-	-	-	-	-

θεοῖς	θεός	1	n	-	p	-	-	-	m	d	-
μὲν	μέν	2	d	-	-	-	-	-	-	-	-
ἐξέτεινα	ἐκτείνω	3	v	1	s	a	i	a	-	-	-
φροίμιον	φροίμιον	4	n	-	s	-	-	-	n	a	-
τόδε	ὅδε	5	p	-	s	-	-	-	n	a	-
·	·	6	u	-	-	-	-	-	-	-	-

τὰ	ὁ	1	l	-	p	-	-	-	n	a	-
δ'	δέ	2	d	-	-	-	-	-	-	-	-
ἐς	εἰς	3	r	-	-	-	-	-	-	-	-
τὸ	ὁ	4	l	-	s	-	-	-	n	a	-
σὸν	σός	5	p	-	s	-	-	-	n	a	-
φρόνημα	φρόνημα	6	n	-	s	-	-	-	n	a	-
,	,	7	u	-	-	-	-	-	-	-	-
μέμνημαι	μιμνήσκω	8	v	1	s	r	i	e	-	-	-
κλύων	κλύω	9	v	-	s	p	p	a	m	n	-
,	,	10	u	-	-	-	-	-	-	-	-
καὶ	καί	11	c	-	-	-	-	-	-	-	-
φημὶ	φημί	12	v	1	s	p	i	a	-	-	-
ταὐτὰ	αὐτός	13	p	-	p	-	-	-	n	a	-
καὶ	καί	14	c	-	-	-	-	-	-	-	-
συνήγορόν	συνήγορος	15	a	-	s	-	-	-	m	a	-
μ'	ἐγώ	16	p	-	s	-	-	-	m	a	-
ἔχεις	ἔχω	17	v	2	s	p	i	a	-	-	-
.	.	18	u	-	-	-	-	-	-	-	-

παύροις	παῦρος	1	a	-	p	-	-	-	m	d	-
γὰρ	γάρ	2	d	-	-	-	-	-	-	-	-
ἀνδρῶν	ἀνήρ	3	n	-	p	-	-	-	m	g	-
ἐστι	εἰμί	4	v	3	s	p	i	a	-	-	-
συγγενὲς	συγγενής	5	a	-	s	-	-	-	n	n	-
τόδε	ὅδε	6	p	-	s	-	-	-	n	n	-
,	,	7	u	-	-	-	-	-	-	-	-
φίλον	φίλος	8	a	-	s	-	-	-	m	a	-
τὸν	ὁ	9	l	-	s	-	-	-	m	a	-
εὐτυχοῦντ'	εὐτυχέω	10	v	-	s	p	p	a	m	a	-
ἄνευ	ἄνευ	11	r	-	-	-	-	-	-	-	-
φθόνου	φθόνος	12	n	-	s	-	-	-	m	g	-
σέβειν	σέβω	13	v	-	-	p	n	a	-	-	-
.	.	14	u	-	-	-	-	-	-	-	-

δύσφρων	δύσφρων	1	a	-	s	-	-	-	m	n	-
γὰρ	γάρ	2	d	-	-	-	-	-	-	-	-
ἰὸς	ἰός	3	n	-	s	-	-	-	m	n	-
καρδίαν	καρδία	4	n	-	s	-	-	-	f	a	-
προσήμενος	πρόσημαι	5	v	-	s	p	p	e	m	n	-
ἄχθος	ἄχθος	6	n	-	s	-	-	-	n	a	-
διπλοίζει	διπλοίζω	7	v	3	s	p	i	a	-	-	-
τῷ	ὁ	8	l	-	s	-	-	-	m	d	-
πεπαμένῳ	πάομαι	9	v	-	s	r	p	e	m	d	-
νόσον	νόσος	10	n	-	s	-	-	-	f	a	-
,	,	11	u	-	-	-	-	-	-	-	-
τοῖς	ὁ	12	l	-	p	-	-	-	n	d	-
τ'	τε	13	c	-	-	-	-	-	-	-	-
αὐτὸς	αὐτός	14	p	-	s	-	-	-	m	n	-
αὑτοῦ	ἑαυτοῦ	15	p	-	s	-	-	-	m	g	-
πήμασιν	πῆμα	16	n	-	p	-	-	-	n	d	-
βαρύνεται	βαρύνω	17	v	3	s	p	i	e	-	-	-
καὶ	καί	18	c	-	-	-	-	-	-	-	-
τὸν	ὁ	19	l	-	s	-	-	-	m	a	-
θυραῖον	θυραῖος	20	a	-	s	-	-	-	m	a	-
ὄλβον	ὄλβος	21	n	-	s	-	-	-	m	a	-
εἰσορῶν	εἰσοράω	22	v	-	s	p	p	a	m	n	-
στένει	στένω	23	v	3	s	p	i	a	-	-	-
.	.	24	u	-	-	-	-	-	-	-	-

εἰδὼς	οἶδα	1	v	-	s	r	p	a	m	n	-
λέγοιμ'	λέγω	2	v	1	s	p	o	a	-	-	-
ἄν	ἄν1	3	d	-	-	-	-	-	-	-	-
,	,	4	u	-	-	-	-	-	-	-	-
εὖ	εὖ	5	d	-	-	-	-	-	-	-	-
γὰρ	γάρ	6	d	-	-	-	-	-	-	-	-
ἐξεπίσταμαι	ἐξεπίσταμαι	7	v	1	s	p	i	e	-	-	-
ὁμιλίας	ὁμιλία	8	n	-	s	-	-	-	f	g	-
κάτοπτρον	κάτοπτρον	9	n	-	s	-	-	-	n	a	-
,	,	10	u	-	-	-	-	-	-	-	-
εἴδωλον	εἴδωλον	11	n	-	s	-	-	-	n	a	-
σκιᾶς	σκιά	12	n	-	s	-	-	-	f	g	-
δοκοῦντας	δοκέω	13	v	-	p	p	p	a	m	a	-
εἶναι	εἰμί	14	v	-	-	p	n	a	-	-	-
κάρτα	κάρτα	15	d	-	-	-	-	-	-	-	-
πρευμενεῖς		16	a	-	p	-	-	-	m	a	-
ἐμοί	ἐμός	17	p	-	p	-	-	-	m	n	-
.	.	18	u	-	-	-	-	-	-	-	-

μόνος	μόνος	1	a	-	s	-	-	-	m	n	-
δ'	δέ	2	d	-	-	-	-	-	-	-	-
Ὀδυσσεύς	Ὀδυσσεύς	3	n	-	s	-	-	-	m	n	-
,	,	4	u	-	-	-	-	-	-	-	-
ὅσπερ	ὅς	5	p	-	s	-	-	-	m	n	-
οὐχ	οὐ	6	d	-	-	-	-	-	-	-	-
ἑκὼν	ἑκών	7	a	-	s	-	-	-	m	n	-
ἔπλει	πλέω	8	v	3	s	i	i	a	-	-	-
,	,	9	u	-	-	-	-	-	-	-	-
ζευχθεὶς	ζεύγνυμι	10	v	-	s	a	p	p	m	n	-
ἕτοιμος	ἑτοῖμος	11	a	-	s	-	-	-	m	n	-
ἦν	εἰμί	12	v	3	s	i	i	a	-	-	-
ἐμοὶ	ἐγώ	13	p	-	s	-	-	-	m	d	-
σειραφόρος	σειραφόρος	14	a	-	s	-	-	-	m	n	-
·	·	15	u	-	-	-	-	-	-	-	-

εἴ	εἴτε	1	c	-	-	-	-	-	-	-	-
τ'	εἴτε	2	c	-	-	-	-	-	-	-	-
οὖν	οὖν	3	d	-	-	-	-	-	-	-	-
θανόντος	θνήσκω	4	v	-	s	a	p	a	m	g	-
εἴ	εἴτε	5	c	-	-	-	-	-	-	-	-
τε	εἴτε	6	c	-	-	-	-	-	-	-	-
καὶ	καί	7	c	-	-	-	-	-	-	-	-
ζῶντος	ζάω	8	v	-	s	p	p	a	m	g	-
πέρι	περί	9	r	-	-	-	-	-	-	-	-
λέγω	λέγω	10	v	1	s	p	i	a	-	-	-
.	.	11	u	-	-	-	-	-	-	-	-

τὰ	ὁ	1	l	-	p	-	-	-	n	a	-
δ'	δέ	2	d	-	-	-	-	-	-	-	-
ἄλλα	ἄλλος	3	p	-	p	-	-	-	n	a	-
πρὸς	πρός	4	r	-	-	-	-	-	-	-	-
πόλιν	πόλις	5	n	-	s	-	-	-	f	a	-
τε	τε	6	c	-	-	-	-	-	-	-	-
καὶ	καί	7	c	-	-	-	-	-	-	-	-
θεοὺς	θεός	8	n	-	p	-	-	-	m	a	-
κοινοὺς	κοινός	9	a	-	p	-	-	-	m	a	-
ἀγῶνας	ἀγών	10	n	-	p	-	-	-	m	a	-
θέντες	τίθημι	11	v	-	p	a	p	a	m	n	-
ἐν	ἐν	12	r	-	-	-	-	-	-	-	-
πανηγύρει	πανήγυρις	13	n	-	s	-	-	-	f	d	-
βουλευσόμεσθα	βουλεύω	14	v	1	p	f	i	m	-	-	-
.	.	15	u	-	-	-	-	-	-	-	-

καὶ	καί	1	c	-	-	-	-	-	-	-	-
τὸ	ὁ	2	l	-	s	-	-	-	n	n	-
μὲν	μέν	3	d	-	-	-	-	-	-	-	-
καλῶς	καλός	4	d	-	-	-	-	-	-	-	-
ἔχον	ἔχω	5	v	-	s	p	p	a	n	n	-
ὅπως	ὅπως	6	c	-	-	-	-	-	-	-	-
χρονίζον	χρονίζω	7	v	-	s	p	p	a	n	n	-
εὖ	εὖ	8	d	-	-	-	-	-	-	-	-
μενεῖ	μένω	9	v	3	s	f	i	a	-	-	-
βουλευτέον	βουλευτέος	10	a	-	s	-	-	-	n	n	-
·	·	11	u	-	-	-	-	-	-	-	-

ὅτῳ	ὅστις	1	p	-	s	-	-	-	n	d	-
δὲ	δέ	2	d	-	-	-	-	-	-	-	-
καὶ	καί	3	c	-	-	-	-	-	-	-	-
δεῖ	δέω	4	v	3	s	p	i	a	-	-	-
φαρμάκων	φάρμακον	5	n	-	p	-	-	-	n	g	-
παιωνίων	παιώνιος	6	a	-	p	-	-	-	n	g	-
,	,	7	u	-	-	-	-	-	-	-	-
ἤτοι	ἤτοι	8	d	-	-	-	-	-	-	-	-
κέαντες	καίω	9	v	-	p	a	p	a	m	n	-
ἢ	ἤ	10	c	-	-	-	-	-	-	-	-
τεμόντες	τέμνω	11	v	-	p	a	p	a	m	n	-
εὐφρόνως	εὐφρόνως	12	d	-	-	-	-	-	-	-	-
πειρασόμεσθα	πειράω	13	v	1	p	f	i	m	-	-	-
πῆμ'	πῆμα	14	n	-	s	-	-	-	n	a	-
ἀποστρέψαι	ἀποστρέφω	15	v	-	-	a	n	a	-	-	-
νόσου	νόσος	16	n	-	s	-	-	-	f	g	-
.	.	17	u	-	-	-	-	-	-	-	-

νῦν	νῦν	1	d	-	-	-	-	-	-	-	-
δ'	δέ	2	d	-	-	-	-	-	-	-	-
ἐς	εἰς	3	r	-	-	-	-	-	-	-	-
μέλαθρα	μέλαθρον	4	n	-	p	-	-	-	n	a	-
καὶ	καί	5	c	-	-	-	-	-	-	-	-
δόμους	δόμος	6	n	-	p	-	-	-	m	a	-
ἐφεστίους	ἐφέστιος	7	a	-	p	-	-	-	m	a	-
ἐλθὼν	ἔρχομαι	8	v	-	s	a	p	a	m	n	-
θεοῖσι	θεός	9	n	-	p	-	-	-	m	d	-
πρῶτα	πρῶτος	10	a	-	p	-	-	-	n	a	-
δεξιώσομαι	δεξιόομαι	11	v	1	s	f	i	m	-	-	-
,	,	12	u	-	-	-	-	-	-	-	-
οἵπερ	ὅς	13	p	-	p	-	-	-	m	n	-
πρόσω	πρόσω	14	d	-	-	-	-	-	-	-	-
πέμψαντες	πέμπω	15	v	-	p	a	p	a	m	n	-
ἤγαγον	ἄγω	16	v	3	p	a	i	a	-	-	-
πάλιν	πάλιν	17	d	-	-	-	-	-	-	-	-
.	.	18	u	-	-	-	-	-	-	-	-

νίκη	νίκη	1	n	-	s	-	-	-	f	n	-
δ'	δέ	2	d	-	-	-	-	-	-	-	-
ἐπείπερ	ἐπείπερ	3	c	-	-	-	-	-	-	-	-
ἕσπετ'	ἕπομαι	4	v	3	s	a	i	m	-	-	-
,	,	5	u	-	-	-	-	-	-	-	-
ἐμπέδως	ἔμπεδος	6	d	-	-	-	-	-	-	-	-
μένοι	μένω	7	v	3	s	p	o	a	-	-	-
.	.	8	u	-	-	-	-	-	-	-	-

ἄνδρες	ἀνήρ	1	n	-	p	-	-	-	m	v	-
πολῖται	πολίτης	2	n	-	p	-	-	-	m	v	-
,	,	3	u	-	-	-	-	-	-	-	-
πρέσβος	πρέσβος	4	n	-	s	-	-	-	n	v	-
Ἀργείων	Ἀργεῖος	5	a	-	p	-	-	-	m	g	-
τόδε	ὁδε	6	p	-	s	-	-	-	n	v	-
,	,	7	u	-	-	-	-	-	-	-	-
οὐκ	οὐ	8	d	-	-	-	-	-	-	-	-
αἰσχυνοῦμαι	αἰσχύνω	9	v	1	s	f	i	m	-	-	-
τοὺς	ὁ	10	l	-	p	-	-	-	m	a	-
φιλάνορας	φιλάνωρ	11	n	-	p	-	-	-	f	a	-
τρόπους	τρόπος	12	n	-	p	-	-	-	m	a	-
λέξαι	λέγω	13	v	-	-	a	n	a	-	-	-
πρὸς	πρός	14	r	-	-	-	-	-	-	-	-
ὑμᾶς	σύ	15	p	-	p	-	-	-	m	a	-
·	·	16	u	-	-	-	-	-	-	-	-

ἐν	ἐν	1	r	-	-	-	-	-	-	-	-
χρόνῳ	χρόνος	2	n	-	s	-	-	-	m	d	-
δ'	δέ	3	d	-	-	-	-	-	-	-	-
ἀποφθίνει	ἀποφθίνω	4	v	3	s	p	i	a	-	-	-
τὸ	ὁ	5	l	-	s	-	-	-	n	n	-
τάρβος	τάρβος	6	n	-	s	-	-	-	n	n	-
ἀνθρώποισιν	ἄνθρωπος	7	n	-	p	-	-	-	m	d	-
.	.	8	u	-	-	-	-	-	-	-	-

οὐκ	οὐ	1	d	-	-	-	-	-	-	-	-
ἄλλων	ἄλλος	2	p	-	p	-	-	-	m	g	-
πάρα	παρά	3	r	-	-	-	-	-	-	-	-
μαθοῦσ'	μανθάνω	4	v	-	s	a	p	a	f	n	-
,	,	5	u	-	-	-	-	-	-	-	-
ἐμαυτῆς	ἐμαυτοῦ	6	p	-	s	-	-	-	f	g	-
δύσφορον	δύσφορος	7	a	-	s	-	-	-	m	a	-
λέξω	λέγω	8	v	1	s	f	i	a	-	-	-
βίον	βίος	9	n	-	s	-	-	-	m	a	-
τοσόνδ'	τοσόσδε	10	p	-	s	-	-	-	m	a	-
ὅσον	ὅσος	11	p	-	s	-	-	-	m	a	-
περ	πέρ	12	d	-	-	-	-	-	-	-	-
οὗτος	οὗτος	13	p	-	s	-	-	-	m	n	-
ἦν	εἰμί	14	v	3	s	i	i	a	-	-	-
ὑπ'	ὑπό	15	r	-	-	-	-	-	-	-	-
Ἰλίῳ	Ἴλιος	16	n	-	s	-	-	-	f	d	-
.	.	17	u	-	-	-	-	-	-	-	-

τὸ	ὁ	1	l	-	s	-	-	-	n	a	-
μὲν	μέν	2	d	-	-	-	-	-	-	-	-
γυναῖκα	γυνή	3	n	-	s	-	-	-	f	a	-
πρῶτον	πρῶτος	4	a	-	s	-	-	-	n	a	-
ἄρσενος	ἄρσην	5	n	-	s	-	-	-	-	g	-
δίχα	δίχα	6	r	-	-	-	-	-	-	-	-
ἧσθαι	ἧμαι	7	v	-	-	r	n	e	-	-	-
δόμοις	δόμος	8	n	-	p	-	-	-	m	d	-
ἔρημον	ἐρῆμος	9	a	-	s	-	-	-	f	a	-
ἔκπαγλον	ἔκπαγλος	10	a	-	s	-	-	-	n	n	-
κακόν	κακός	11	a	-	s	-	-	-	n	n	-
,	,	12	u	-	-	-	-	-	-	-	-
πολλὰς	πολύς	13	a	-	p	-	-	-	f	a	-
κλύουσαν	κλύω	14	v	-	s	p	p	a	f	a	-
κληδόνας	κληδών	15	n	-	p	-	-	-	f	a	-
παλιγκότους	παλίγκοτος	16	a	-	p	-	-	-	f	a	-
·	·	17	u	-	-	-	-	-	-	-	-

καὶ	καί	1	c	-	-	-	-	-	-	-	-
τὸν	ὁ	2	p	-	s	-	-	-	m	a	-
μὲν	μέν	3	d	-	-	-	-	-	-	-	-
ἥκειν	ἥκω	4	v	-	-	p	n	a	-	-	-
,	,	5	u	-	-	-	-	-	-	-	-
τὸν	ὁ	6	p	-	s	-	-	-	m	a	-
δ'	δέ	7	d	-	-	-	-	-	-	-	-
ἐπεσφέρειν	ἐπεισφέρω	8	v	-	-	p	n	a	-	-	-
κακοῦ	κακός	9	a	-	s	-	-	-	m	g	-
κάκιον	κακός	10	a	-	s	-	-	-	n	a	c
ἄλλο	ἄλλος	11	p	-	s	-	-	-	n	a	-
πῆμα	πῆμα	12	n	-	s	-	-	-	n	a	-
,	,	13	u	-	-	-	-	-	-	-	-
λάσκοντας	λάσκω	14	v	-	p	p	p	a	m	a	-
δόμοις	δόμος	15	n	-	p	-	-	-	m	d	-
.	.	16	u	-	-	-	-	-	-	-	-

καὶ	καί	1	c	-	-	-	-	-	-	-	-
τραυμάτων	τραῦμα	2	n	-	p	-	-	-	n	g	-
μὲν	μέν	3	d	-	-	-	-	-	-	-	-
εἰ	εἰ	4	c	-	-	-	-	-	-	-	-
τόσων	τόσος	5	p	-	p	-	-	-	n	g	-
ἐτύγχανεν	τυγχάνω	6	v	3	s	i	i	a	-	-	-
ἀνὴρ	ἀνήρ	7	n	-	s	-	-	-	m	n	-
ὅδ'	ὅδε	8	p	-	s	-	-	-	m	n	-
,	,	9	u	-	-	-	-	-	-	-	-
ὡς	ὡς	10	c	-	-	-	-	-	-	-	-
πρὸς	πρός	11	r	-	-	-	-	-	-	-	-
οἶκον	οἶκος	12	n	-	s	-	-	-	m	a	-
ὠχετεύετο	ὀχετεύω	13	v	3	s	i	i	e	-	-	-
φάτις	φάτις	14	n	-	s	-	-	-	f	n	-
,	,	15	u	-	-	-	-	-	-	-	-
τέτρηται	τετραίνω	16	v	3	s	r	i	e	-	-	-
δικτύου	δίκτυον	17	n	-	s	-	-	-	n	g	-
πλέον	πλείων	18	a	-	s	-	-	-	n	a	c
λέγειν	λέγω	19	v	-	-	p	n	a	-	-	-
.	.	20	u	-	-	-	-	-	-	-	-

εἰ	εἰ	1	c	-	-	-	-	-	-	-	-
δ'	δέ	2	d	-	-	-	-	-	-	-	-
ἦν	εἰμί	3	v	3	s	i	i	a	-	-	-
τεθνηκώς	θνήσκω	4	v	-	s	r	p	a	m	n	-
,	,	5	u	-	-	-	-	-	-	-	-
ὡς	ὡς	6	c	-	-	-	-	-	-	-	-
ἐπλήθυον	πληθύω	7	v	3	p	i	i	a	-	-	-
λόγοι	λόγος	8	n	-	p	-	-	-	m	n	-
,	,	9	u	-	-	-	-	-	-	-	-
τρισώματός	τρισώματος	10	a	-	s	-	-	-	m	n	-
τἂν	ἄν1	11	d	-	-	-	-	-	-	-	-
Γηρυὼν	Γηρυόνης	12	n	-	s	-	-	-	m	n	-
ὁ	ὁ	13	l	-	s	-	-	-	m	n	-
δεύτερος	δεύτερος	14	a	-	s	-	-	-	m	n	-
[	[	15	u	-	-	-	-	-	-	-	-
πολλὴν	πολύς	16	a	-	s	-	-	-	f	a	-
ἄνωθεν	ἄνωθεν	17	d	-	-	-	-	-	-	-	-
,	,	18	u	-	-	-	-	-	-	-	-
τὴν	ὁ	19	l	-	s	-	-	-	f	a	-
κάτω	κάτω	20	d	-	-	-	-	-	-	-	-
γὰρ	γάρ	21	d	-	-	-	-	-	-	-	-
οὐ	οὐ	22	d	-	-	-	-	-	-	-	-
λέγω	λέγω	23	v	1	s	p	s	a	-	-	-
,	,	24	u	-	-	-	-	-	-	-	-
]	]	25	u	-	-	-	-	-	-	-	-
χθονὸς	χθών	26	n	-	s	-	-	-	f	g	-
τρίμοιρον	τρίμοιρος	27	a	-	s	-	-	-	f	a	-
χλαῖναν	χλαῖνα	28	n	-	s	-	-	-	f	a	-
ἐξηύχει	ἐξαυχέω	29	v	3	s	i	i	a	-	-	-
λαβεῖν	λαμβάνω	30	v	-	-	a	n	a	-	-	-
,	,	31	u	-	-	-	-	-	-	-	-
ἅπαξ	ἅπαξ	32	d	-	-	-	-	-	-	-	-
ἑκάστῳ	ἕκαστος	33	p	-	s	-	-	-	n	d	-
κατθανὼν	καταθνήσκω	34	v	-	s	a	p	a	m	n	-
μορφώματι	μόρφωμα	35	n	-	s	-	-	-	n	d	-
.	.	36	u	-	-	-	-	-	-	-	-

τοιῶνδ'	τοιόσδε	1	p	-	p	-	-	-	f	g	-
ἕκατι	ἕκητι	2	r	-	-	-	-	-	-	-	-
κληδόνων	κληδών	3	n	-	p	-	-	-	f	g	-
παλιγκότων	παλίγκοτος	4	a	-	p	-	-	-	f	g	-
πολλὰς	πολύς	5	a	-	p	-	-	-	f	a	-
ἄνωθεν	ἄνωθεν	6	d	-	-	-	-	-	-	-	-
ἀρτάνας	ἀρτάνη	7	n	-	p	-	-	-	f	a	-
ἐμῆς	ἐμός	8	p	-	s	-	-	-	f	g	-
δέρης	δειρή	9	n	-	s	-	-	-	f	g	-
ἔλυσαν	ἐλύω	10	v	3	p	a	i	a	-	-	-
ἄλλοι	ἄλλος	11	p	-	p	-	-	-	m	n	-
πρὸς	πρός	12	r	-	-	-	-	-	-	-	-
βίαν	βία	13	n	-	s	-	-	-	f	a	-
λελημμένης	λαμβάνω	14	v	-	s	r	p	e	f	g	-
.	.	15	u	-	-	-	-	-	-	-	-

ἐκ	ἐκ	1	r	-	-	-	-	-	-	-	-
τῶνδέ	ὅδε	2	p	-	p	-	-	-	n	g	-
τοι	τοι	3	d	-	-	-	-	-	-	-	-
παῖς	παῖς	4	n	-	s	-	-	-	m	n	-
ἐνθάδ'	ἐνθάδε	5	d	-	-	-	-	-	-	-	-
οὐ	οὐ	6	d	-	-	-	-	-	-	-	-
παραστατεῖ	παραστατέω	7	v	3	s	p	i	a	-	-	-
,	,	8	u	-	-	-	-	-	-	-	-
ἐμῶν	ἐμός	9	p	-	p	-	-	-	n	g	-
τε	τε	10	c	-	-	-	-	-	-	-	-
καὶ	καί	11	c	-	-	-	-	-	-	-	-
σῶν	σός	12	p	-	p	-	-	-	n	g	-
κύριος	κύριος	13	n	-	s	-	-	-	m	n	-
πιστωμάτων	πίστωμα	14	n	-	p	-	-	-	n	g	-
,	,	15	u	-	-	-	-	-	-	-	-
ὡς	ὡς	16	c	-	-	-	-	-	-	-	-
χρῆν	χρή	17	v	3	s	i	i	a	-	-	-
,	,	18	u	-	-	-	-	-	-	-	-
Ὀρέστης	Ὀρέστης	19	n	-	s	-	-	-	m	n	-
·	·	20	u	-	-	-	-	-	-	-	-

μη	μηδέ	1	c	-	-	-	-	-	-	-	-
δὲ	δέ	2	d	-	-	-	-	-	-	-	-
θαυμάσῃς	θαυμάζω	3	v	2	s	a	s	a	-	-	-
τόδε	ὅδε	4	p	-	s	-	-	-	n	a	-
.	.	5	u	-	-	-	-	-	-	-	-

τρέφει	τρέφω	1	v	3	s	p	i	a	-	-	-
γὰρ	γάρ	2	d	-	-	-	-	-	-	-	-
αὐτὸν	αὐτός	3	p	-	s	-	-	-	m	a	-
εὐμενὴς	εὐμενής	4	a	-	s	-	-	-	m	n	-
δορύξενος	δορύξενος	5	n	-	s	-	-	-	m	n	-
Στρόφιος	Στρόφιος	6	n	-	s	-	-	-	m	n	-
ὁ	ὁ	7	l	-	s	-	-	-	m	n	-
Φωκεύς	Φωκεύς	8	n	-	s	-	-	-	m	n	-
,	,	9	u	-	-	-	-	-	-	-	-
ἀμφίλεκτα	ἀμφίλεκτος	10	a	-	p	-	-	-	n	a	-
πήματα	πῆμα	11	n	-	p	-	-	-	n	a	-
ἐμοὶ	ἐγώ	12	p	-	s	-	-	-	f	d	-
προφωνῶν	προφωνέω	13	v	-	s	p	p	a	m	n	-
,	,	14	u	-	-	-	-	-	-	-	-
τόν	ὁ	15	l	-	s	-	-	-	m	a	-
θ'	τε	16	c	-	-	-	-	-	-	-	-
ὑπ'	ὑπό	17	r	-	-	-	-	-	-	-	-
Ἰλίῳ	Ἴλιος	18	n	-	s	-	-	-	f	d	-
σέθεν	σύ	19	p	-	s	-	-	-	-	g	-
κίνδυνον	κίνδυνος	20	n	-	s	-	-	-	m	a	-
,	,	21	u	-	-	-	-	-	-	-	-
εἴ	εἰ	22	c	-	-	-	-	-	-	-	-
τε	τε	23	c	-	-	-	-	-	-	-	-
δημόθρους	δημόθροος	24	a	-	p	-	-	-	f	n	-
ἀναρχία	ἀναρχία	25	n	-	s	-	-	-	f	n	-
βουλὴν	βουλή	26	n	-	s	-	-	-	f	a	-
καταρρίψειεν	καταρρίπτω	27	v	3	s	a	o	a	-	-	-
,	,	28	u	-	-	-	-	-	-	-	-
ὥστε	ὥστε	29	c	-	-	-	-	-	-	-	-
σύγγονον	σύγγονος	30	a	-	s	-	-	-	n	n	-
βροτοῖσι	βροτός	31	n	-	p	-	-	-	m	d	-
τὸν	ὁ	32	l	-	s	-	-	-	m	a	-
πεσόντα	πίπτω	33	v	-	s	a	p	a	m	a	-
λακτίσαι	λακτίζω	34	v	-	-	a	n	a	-	-	-
πλέον	πλείων	35	a	-	s	-	-	-	n	a	c
.	.	36	u	-	-	-	-	-	-	-	-

τοιάδε	τοιόσδε	1	p	-	s	-	-	-	f	n	-
μέντοι	μέντοι	2	d	-	-	-	-	-	-	-	-
σκῆψις	σκῆψις	3	n	-	s	-	-	-	f	n	-
οὐ	οὐ	4	d	-	-	-	-	-	-	-	-
δόλον	δόλος	5	n	-	s	-	-	-	m	a	-
φέρει	φέρω	6	v	3	s	p	i	a	-	-	-
.	.	7	u	-	-	-	-	-	-	-	-

ἔμοιγε	ἐγώ	1	p	-	s	-	-	-	f	d	-
μὲν	μέν	2	d	-	-	-	-	-	-	-	-
δὴ	δή	3	d	-	-	-	-	-	-	-	-
κλαυμάτων	κλαῦμα	4	n	-	p	-	-	-	n	g	-
ἐπίσσυτοι	ἐπίσσυτος	5	a	-	p	-	-	-	f	n	-
πηγαὶ	πηγός	6	a	-	p	-	-	-	f	n	-
κατεσβήκασιν	κατασβέννυμι	7	v	3	p	r	i	a	-	-	-
,	,	8	u	-	-	-	-	-	-	-	-
οὐ	οὐδέ	9	c	-	-	-	-	-	-	-	-
δ'	δέ	10	d	-	-	-	-	-	-	-	-
ἔνι	ἐν	11	r	-	-	-	-	-	-	-	-
σταγών	σταγών	12	n	-	s	-	-	-	f	n	-
.	.	13	u	-	-	-	-	-	-	-	-

ἐν	ἐν	1	r	-	-	-	-	-	-	-	-
ὀψικοίτοις	ὀψίκοιτος	2	a	-	p	-	-	-	n	d	-
δ'	δέ	3	d	-	-	-	-	-	-	-	-
ὄμμασιν	ὄμμα	4	n	-	p	-	-	-	n	d	-
βλάβας	βλάβη	5	n	-	p	-	-	-	f	a	-
ἔχω	ἔχω	6	v	1	s	p	i	a	-	-	-
τὰς	ὁ	7	l	-	p	-	-	-	f	a	-
ἀμφί	ἀμφί	8	r	-	-	-	-	-	-	-	-
σοι	σύ	9	p	-	s	-	-	-	m	d	-
κλαίουσα	κλαίω	10	v	-	s	p	p	a	f	n	-
λαμπτηρουχίας	λαμπτηρουχία	11	n	-	p	-	-	-	f	a	-
ἀτημελήτους	ἀτημέλητος	12	a	-	p	-	-	-	f	a	-
αἰέν	ἀεί	13	d	-	-	-	-	-	-	-	-
.	.	14	u	-	-	-	-	-	-	-	-

ἐν	ἐν	1	r	-	-	-	-	-	-	-	-
δ'	δέ	2	d	-	-	-	-	-	-	-	-
ὀνείρασιν	ὄνειρος	3	n	-	p	-	-	-	n	d	-
λεπταῖς	λεπτός	4	a	-	p	-	-	-	f	d	-
ὑπαὶ	ὑπό	5	r	-	-	-	-	-	-	-	-
κώνωπος	κώνωψ	6	n	-	s	-	-	-	m	g	-
ἐξηγειρόμην	ἐξεγείρω	7	v	1	s	i	i	e	-	-	-
ῥιπαῖσι	ῥιπή	8	n	-	p	-	-	-	f	d	-
θωύσσοντος	θωύσσω	9	v	-	s	p	p	a	m	g	-
,	,	10	u	-	-	-	-	-	-	-	-
ἀμφί	ἀμφί	11	r	-	-	-	-	-	-	-	-
σοι	σύ	12	p	-	s	-	-	-	-	d	-
πάθη	πάθος	13	n	-	p	-	-	-	n	a	-
ὁρῶσα	ὁράω	14	v	-	s	p	p	a	f	n	-
πλείω	πλείων	15	a	-	p	-	-	-	n	a	c
τοῦ	ὁ	16	l	-	s	-	-	-	m	g	-
ξυνεύδοντος	συνεύδω	17	v	-	s	p	p	a	m	g	-
χρόνου	χρόνος	18	n	-	s	-	-	-	m	g	-
.	.	19	u	-	-	-	-	-	-	-	-

νῦν	νῦν	1	d	-	-	-	-	-	-	-	-
ταῦτα	οὗτος	2	p	-	p	-	-	-	n	a	-
πάντα	πᾶς	3	p	-	p	-	-	-	n	a	-
τλᾶσ'	τλάω	4	v	-	p	p	p	a	f	n	-
ἀπενθήτῳ	ἀπένθητος	5	a	-	s	-	-	-	f	d	-
φρενὶ	φρήν	6	n	-	s	-	-	-	f	d	-
λέγοιμ'	λέγω	7	v	1	s	p	o	a	-	-	-
ἂν	ἄν1	8	d	-	-	-	-	-	-	-	-
ἄνδρα	ἀνήρ	9	n	-	s	-	-	-	m	a	-
τόνδε	ὅδε	10	p	-	s	-	-	-	m	a	-
τῶν	ὁ	11	l	-	p	-	-	-	m	g	-
σταθμῶν	σταθμός	12	n	-	p	-	-	-	m	g	-
κύνα	κύων	13	n	-	s	-	-	-	f	a	-
,	,	14	u	-	-	-	-	-	-	-	-
σωτῆρα	σωτήρ	15	n	-	s	-	-	-	m	a	-
ναὸς	ναῦς	16	n	-	s	-	-	-	f	g	-
πρότονον	πρότονος	17	n	-	s	-	-	-	m	a	-
,	,	18	u	-	-	-	-	-	-	-	-
ὑψηλῆς	ὑψηλός	19	a	-	s	-	-	-	f	g	-
στέγης	στέγη	20	n	-	s	-	-	-	f	g	-
στῦλον	στῦλος	21	n	-	s	-	-	-	m	a	-
ποδήρη	ποδήρης	22	a	-	s	-	-	-	m	a	-
,	,	23	u	-	-	-	-	-	-	-	-
μονογενὲς	μονογενής	24	a	-	s	-	-	-	n	a	-
τέκνον	τέκνον	25	n	-	s	-	-	-	n	a	-
πατρί	πατήρ	26	n	-	s	-	-	-	m	d	-
,	,	27	u	-	-	-	-	-	-	-	-
καὶ	καί	28	c	-	-	-	-	-	-	-	-
γῆν	γῆ	29	n	-	s	-	-	-	f	a	-
φανεῖσαν	φαίνω	30	v	-	s	a	p	p	f	a	-
ναυτίλοις	ναυτίλος	31	n	-	p	-	-	-	m	d	-
παρ'	παρά	32	r	-	-	-	-	-	-	-	-
ἐλπίδα	ἐλπίς	33	n	-	s	-	-	-	f	a	-
,	,	34	u	-	-	-	-	-	-	-	-
κάλλιστον	καλός	35	a	-	s	-	-	-	n	a	s
ἦμαρ	ἦμαρ	36	n	-	s	-	-	-	n	a	-
εἰσιδεῖν	εἰσοράω	37	v	-	-	a	n	a	-	-	-
ἐκ	ἐκ	38	r	-	-	-	-	-	-	-	-
χείματος	χεῖμα	39	n	-	s	-	-	-	n	g	-
,	,	40	u	-	-	-	-	-	-	-	-
ὁδοιπόρῳ	ὁδοιπόρος	41	n	-	s	-	-	-	m	d	-
διψῶντι	διψάω	42	v	-	s	p	p	a	m	d	-
πηγαῖον	πηγαῖος	43	a	-	s	-	-	-	n	a	-
ῥέος	ῥέος	44	n	-	s	-	-	-	n	a	-
·	·	45	u	-	-	-	-	-	-	-	-

τερπνὸν	τερπνός	1	a	-	s	-	-	-	n	n	-
δὲ	δέ	2	d	-	-	-	-	-	-	-	-
τἀναγκαῖον	ἀναγκαῖος	3	a	-	s	-	-	-	n	a	-
ἐκφυγεῖν	ἐκφεύγω	4	v	-	-	a	n	a	-	-	-
ἅπαν	ἅπας	5	a	-	s	-	-	-	n	a	-
.	.	6	u	-	-	-	-	-	-	-	-

τοιοῖσδέ	τοιόσδε	1	p	-	p	-	-	-	n	d	-
τοί	τοι	2	d	-	-	-	-	-	-	-	-
νιν	νιν	3	p	-	s	-	-	-	m	a	-
ἀξιῶ	ἀξιόω	4	v	1	s	p	i	a	-	-	-
προσφθέγμασιν	πρόσφθεγμα	5	n	-	p	-	-	-	n	d	-
.	.	6	u	-	-	-	-	-	-	-	-

φθόνος	φθόνος	1	n	-	s	-	-	-	m	n	-
δ'	δέ	2	d	-	-	-	-	-	-	-	-
ἀπέστω	ἄπειμι	3	v	3	s	p	m	a	-	-	-
·	·	4	u	-	-	-	-	-	-	-	-

πολλὰ	πολύς	1	a	-	p	-	-	-	n	a	-
γὰρ	γάρ	2	d	-	-	-	-	-	-	-	-
τὰ	ὁ	3	l	-	p	-	-	-	n	a	-
πρὶν	πρίν	4	d	-	-	-	-	-	-	-	-
κακὰ	κακός	5	a	-	p	-	-	-	n	a	-
ἠνειχόμεσθα	ἀνέχω	6	v	1	p	i	i	e	-	-	-
.	.	7	u	-	-	-	-	-	-	-	-

νῦν	νῦν	1	d	-	-	-	-	-	-	-	-
δέ	δέ	2	d	-	-	-	-	-	-	-	-
μοι	ἐγώ	3	p	-	s	-	-	-	f	d	-
,	,	4	u	-	-	-	-	-	-	-	-
φίλον	φίλος	5	a	-	s	-	-	-	n	v	-
κάρα	κάρα	6	n	-	s	-	-	-	n	v	-
,	,	7	u	-	-	-	-	-	-	-	-
ἔκβαιν'	ἐκβαίνω	8	v	2	s	p	m	a	-	-	-
ἀπήνης	ἀπήνη	9	n	-	s	-	-	-	f	g	-
τῆσδε	ὅδε	10	p	-	s	-	-	-	f	g	-
,	,	11	u	-	-	-	-	-	-	-	-
μὴ	μή	12	c	-	-	-	-	-	-	-	-
χαμαὶ	χαμαί	13	d	-	-	-	-	-	-	-	-
τιθεὶς	τίθημι	14	v	-	s	p	p	a	m	n	-
τὸν	ὁ	15	l	-	s	-	-	-	m	a	-
σὸν	σός	16	p	-	s	-	-	-	m	a	-
πόδ'	πούς	17	n	-	s	-	-	-	m	a	-
,	,	18	u	-	-	-	-	-	-	-	-
ὦναξ	ἄναξ	19	n	-	s	-	-	-	m	v	-
,	,	20	u	-	-	-	-	-	-	-	-
Ἰλίου	Ἴλιος	21	n	-	s	-	-	-	f	g	-
πορθήτορα	πορθήτωρ	22	n	-	s	-	-	-	m	a	-
.	.	23	u	-	-	-	-	-	-	-	-

δμῳαί	δμωή	1	n	-	p	-	-	-	f	v	-
,	,	2	u	-	-	-	-	-	-	-	-
τί	τίς	3	p	-	s	-	-	-	n	a	-
μέλλεθ'	μέλλω	4	v	2	p	p	i	a	-	-	-
,	,	5	u	-	-	-	-	-	-	-	-
αἷς	ὅς	6	p	-	p	-	-	-	f	d	-
ἐπέσταλται	ἐπιστέλλω	7	v	3	s	r	i	e	-	-	-
τέλος	τέλος	8	n	-	s	-	-	-	n	n	-
πέδον	πέδον	9	n	-	s	-	-	-	n	a	-
κελεύθου	κέλευθος	10	n	-	s	-	-	-	f	g	-
στρωννύναι	στρώννυμι	11	v	-	-	p	n	a	-	-	-
πετάσμασιν	πέτασμα	12	n	-	p	-	-	-	n	d	-
;	;	13	u	-	-	-	-	-	-	-	-

εὐθὺς	εὐθύς	1	a	-	s	-	-	-	m	n	-
γενέσθω	γίγνομαι	2	v	3	s	a	m	m	-	-	-
πορφυρόστρωτος	πορφυρόστρωτος	3	a	-	s	-	-	-	m	n	-
πόρος	πόρος	4	n	-	s	-	-	-	m	n	-
ἐς	εἰς	5	r	-	-	-	-	-	-	-	-
δῶμ'	δῶμα	6	n	-	s	-	-	-	n	a	-
ἄελπτον	ἄελπτος	7	a	-	s	-	-	-	n	a	-
ὡς	ὡς	8	c	-	-	-	-	-	-	-	-
ἂν	ἄν1	9	d	-	-	-	-	-	-	-	-
ἡγῆται	ἡγέομαι	10	v	3	s	p	s	e	-	-	-
δίκη	δίκη	11	n	-	s	-	-	-	f	n	-
.	.	12	u	-	-	-	-	-	-	-	-

τὰ	ὁ	1	l	-	p	-	-	-	n	a	-
δ'	δέ	2	d	-	-	-	-	-	-	-	-
ἄλλα	ἄλλος	3	p	-	p	-	-	-	n	a	-
φροντὶς	φροντίς	4	n	-	s	-	-	-	f	n	-
οὐχ	οὐ	5	d	-	-	-	-	-	-	-	-
ὕπνῳ	ὕπνος	6	n	-	s	-	-	-	m	d	-
νικωμένη	νικάω	7	v	-	s	p	p	e	f	n	-
θήσει	τίθημι	8	v	3	s	f	i	a	-	-	-
δικαίως	δίκαιος	9	d	-	-	-	-	-	-	-	-
σὺν	σύν	10	r	-	-	-	-	-	-	-	-
θεοῖς	θεός	11	n	-	p	-	-	-	m	d	-
εἱμαρμένα	μείρομαι	12	v	-	s	r	p	e	f	n	-
.	.	13	u	-	-	-	-	-	-	-	-

Λήδας	Λήδη	1	n	-	s	-	-	-	f	g	-
γένεθλον	γένεθλον	2	n	-	s	-	-	-	n	v	-
,	,	3	u	-	-	-	-	-	-	-	-
δωμάτων	δῶμα	4	n	-	p	-	-	-	n	g	-
ἐμῶν	ἐμός	5	p	-	p	-	-	-	n	g	-
φύλαξ	φύλαξ	6	n	-	s	-	-	-	m	v	-
,	,	7	u	-	-	-	-	-	-	-	-
ἀπουσίᾳ	ἀπουσία	8	n	-	s	-	-	-	f	d	-
μὲν	μέν	9	d	-	-	-	-	-	-	-	-
εἶπας	εἶπον	10	v	2	s	a	i	a	-	-	-
εἰκότως	εἰκότως	11	d	-	-	-	-	-	-	-	-
ἐμῇ	ἐμός	12	p	-	s	-	-	-	f	d	-
·	·	13	u	-	-	-	-	-	-	-	-

μακρὰν	μακρός	1	a	-	s	-	-	-	f	a	-
γὰρ	γάρ	2	d	-	-	-	-	-	-	-	-
ἐξέτεινας	ἐκτείνω	3	v	2	s	a	i	a	-	-	-
·	·	4	u	-	-	-	-	-	-	-	-

ἀλλ'	ἀλλά	1	d	-	-	-	-	-	-	-	-
ἐναισίμως	ἐναίσιμος	2	d	-	-	-	-	-	-	-	-
αἰνεῖν	αἰνέω	3	v	-	-	p	n	a	-	-	-
,	,	4	u	-	-	-	-	-	-	-	-
παρ'	παρά	5	r	-	-	-	-	-	-	-	-
ἄλλων	ἄλλος	6	p	-	p	-	-	-	m	g	-
χρὴ	χρή	7	v	3	s	p	i	a	-	-	-
τόδ'	ὅδε	8	p	-	s	-	-	-	n	a	-
ἔρχεσθαι	ἔρχομαι	9	v	-	-	p	n	e	-	-	-
γέρας	γέρας	10	n	-	s	-	-	-	n	a	-
·	·	11	u	-	-	-	-	-	-	-	-

καὶ	καί	1	c	-	-	-	-	-	-	-	-
τἄλλα	ἄλλος	2	p	-	p	-	-	-	n	a	-
μὴ	μή	3	c	-	-	-	-	-	-	-	-
γυναικὸς	γυνή	4	n	-	s	-	-	-	f	g	-
ἐν	ἐν	5	r	-	-	-	-	-	-	-	-
τρόποις	τρόπος	6	n	-	p	-	-	-	m	d	-
ἐμὲ	ἐγώ	7	p	-	s	-	-	-	m	a	-
ἅβρυνε	ἁβρύνω	8	v	2	s	p	m	a	-	-	-
,	,	9	u	-	-	-	-	-	-	-	-
μη	μηδέ	10	c	-	-	-	-	-	-	-	-
δὲ	δέ	11	d	-	-	-	-	-	-	-	-
βαρβάρου	βάρβαρος	12	a	-	s	-	-	-	m	g	-
φωτὸς	φώς	13	n	-	s	-	-	-	m	g	-
δίκην	δίκη	14	n	-	s	-	-	-	f	a	-
χαμαιπετὲς	χαμαιπετής	15	a	-	s	-	-	-	n	a	-
βόαμα	βόαμα	16	n	-	s	-	-	-	n	a	-
προσχάνῃς	προσχάσκω	17	v	2	s	a	s	a	-	-	-
ἐμοί	ἐμός	18	p	-	p	-	-	-	m	n	-
,	,	19	u	-	-	-	-	-	-	-	-
μη	μηδέ	20	c	-	-	-	-	-	-	-	-
δ'	δέ	21	d	-	-	-	-	-	-	-	-
εἵμασι	εἷμα	22	n	-	p	-	-	-	n	d	-
στρώσασ'	στρώννυμι	23	v	-	s	a	p	a	f	n	-
ἐπίφθονον	ἐπίφθονος	24	a	-	s	-	-	-	m	a	-
πόρον	πόρος	25	n	-	s	-	-	-	m	a	-
τίθει	τίθημι	26	v	2	s	p	m	a	-	-	-
·	·	27	u	-	-	-	-	-	-	-	-

θεούς	θεός	1	n	-	p	-	-	-	m	a	-
τοι	τοι	2	d	-	-	-	-	-	-	-	-
τοῖσδε	ὅδε	3	p	-	p	-	-	-	n	d	-
τιμαλφεῖν	τιμαλφέω	4	v	-	-	p	n	a	-	-	-
χρεών	χρεών	5	x	-	-	-	-	-	-	-	-
·	·	6	u	-	-	-	-	-	-	-	-

ἐν	ἐν	1	r	-	-	-	-	-	-	-	-
ποικίλοις	ποικίλος	2	a	-	p	-	-	-	n	d	-
δὲ	δέ	3	d	-	-	-	-	-	-	-	-
θνητὸν	θνητός	4	a	-	s	-	-	-	m	a	-
ὄντα	εἰμί	5	v	-	s	p	p	a	m	a	-
κάλλεσιν	κάλλος	6	n	-	p	-	-	-	n	d	-
βαίνειν	βαίνω	7	v	-	-	p	n	a	-	-	-
ἐμοὶ	ἐγώ	8	p	-	s	-	-	-	m	d	-
μὲν	μέν	9	d	-	-	-	-	-	-	-	-
οὐδαμῶς	οὐδαμῶς	10	d	-	-	-	-	-	-	-	-
ἄνευ	ἄνευ	11	r	-	-	-	-	-	-	-	-
φόβου	φόβος	12	n	-	s	-	-	-	m	g	-
.	.	13	u	-	-	-	-	-	-	-	-

λέγω	λέγω	1	v	1	s	p	i	a	-	-	-
κατ'	κατά	2	r	-	-	-	-	-	-	-	-
ἄνδρα	ἀνήρ	3	n	-	s	-	-	-	m	a	-
,	,	4	u	-	-	-	-	-	-	-	-
μὴ	μή	5	c	-	-	-	-	-	-	-	-
θεόν	θεός	6	n	-	s	-	-	-	m	a	-
,	,	7	u	-	-	-	-	-	-	-	-
σέβειν	σέβω	8	v	-	-	p	n	a	-	-	-
ἐμέ	ἐγώ	9	p	-	s	-	-	-	m	a	-
.	.	10	u	-	-	-	-	-	-	-	-

χωρὶς	χωρίς	1	d	-	-	-	-	-	-	-	-
ποδοψήστρων	ποδόψηστρον	2	n	-	p	-	-	-	n	g	-
τε	τε	3	c	-	-	-	-	-	-	-	-
καὶ	καί	4	c	-	-	-	-	-	-	-	-
τῶν	ὁ	5	l	-	p	-	-	-	n	g	-
ποικίλων	ποικίλος	6	a	-	p	-	-	-	n	g	-
κληδὼν	κληδών	7	n	-	s	-	-	-	f	n	-
ἀυτεῖ	ἀυτέω	8	v	3	s	p	i	a	-	-	-
·	·	9	u	-	-	-	-	-	-	-	-

καὶ	καί	1	c	-	-	-	-	-	-	-	-
τὸ	ὁ	2	l	-	s	-	-	-	n	n	-
μὴ	μή	3	c	-	-	-	-	-	-	-	-
κακῶς	κακός	4	d	-	-	-	-	-	-	-	-
φρονεῖν	φρονέω	5	v	-	-	p	n	a	-	-	-
θεοῦ	θεός	6	n	-	s	-	-	-	m	g	-
μέγιστον	μέγας	7	a	-	s	-	-	-	n	n	-
δῶρον	δῶρον	8	n	-	s	-	-	-	n	n	-
.	.	9	u	-	-	-	-	-	-	-	-

ὀλβίσαι	ὀλβίζω	1	v	-	-	a	n	a	-	-	-
δὲ	δέ	2	d	-	-	-	-	-	-	-	-
χρὴ	χρή	3	v	3	s	p	i	a	-	-	-
βίον	βίος	4	n	-	s	-	-	-	m	a	-
τελευτήσαντ'	τελευτάω	5	v	-	s	a	p	a	m	a	-
ἐν	ἐν	6	r	-	-	-	-	-	-	-	-
εὐεστοῖ	εὐεστώ	7	n	-	s	-	-	-	f	d	-
φίλῃ	φίλος	8	a	-	s	-	-	-	f	d	-
.	.	9	u	-	-	-	-	-	-	-	-

εἰ	εἰ	1	c	-	-	-	-	-	-	-	-
πάντα	πᾶς	2	p	-	p	-	-	-	n	a	-
δ'	δέ	3	d	-	-	-	-	-	-	-	-
ὣς	ὡς	4	d	-	-	-	-	-	-	-	-
πράσσοιμ'	πράσσω	5	v	1	s	p	o	a	-	-	-
ἄν	ἄν1	6	d	-	-	-	-	-	-	-	-
,	,	7	u	-	-	-	-	-	-	-	-
εὐθαρσὴς	εὐθαρσής	8	a	-	s	-	-	-	m	n	-
ἐγώ	ἐγώ	9	p	-	s	-	-	-	m	n	-
.	.	10	u	-	-	-	-	-	-	-	-

καὶ	καί	1	c	-	-	-	-	-	-	-	-
μὴν	μήν	2	d	-	-	-	-	-	-	-	-
τόδ'	ὅδε	3	p	-	s	-	-	-	n	a	-
εἰπὲ	εἶπον	4	v	2	s	a	m	a	-	-	-
μὴ	μή	5	c	-	-	-	-	-	-	-	-
παρὰ	παρά	6	r	-	-	-	-	-	-	-	-
γνώμην	γνώμη	7	n	-	s	-	-	-	f	a	-
ἐμοί	ἐγώ	8	p	-	s	-	-	-	f	d	-
.	.	9	u	-	-	-	-	-	-	-	-

γνώμην	γνώμη	1	n	-	s	-	-	-	f	a	-
μὲν	μέν	2	d	-	-	-	-	-	-	-	-
ἴσθι	οἶδα	3	v	2	s	r	m	a	-	-	-
μὴ	μή	4	c	-	-	-	-	-	-	-	-
διαφθεροῦντ'	διαφθείρω	5	v	3	p	f	i	a	-	-	-
ἐμέ	ἐγώ	6	p	-	s	-	-	-	m	a	-
.	.	7	u	-	-	-	-	-	-	-	-

ηὔξω	εὔχομαι	1	v	2	s	a	i	m	-	-	-
θεοῖς	θεός	2	n	-	p	-	-	-	m	d	-
δείσας	δείδω	3	v	-	s	a	p	a	m	n	-
ἂν	ἄν1	4	d	-	-	-	-	-	-	-	-
ὧδ'	ὧδε	5	d	-	-	-	-	-	-	-	-
ἔρδειν	ἔρδω	6	v	-	-	p	n	a	-	-	-
τάδε	ὅδε	7	p	-	p	-	-	-	n	a	-
.	.	8	u	-	-	-	-	-	-	-	-

εἴπερ	εἴπερ	1	c	-	-	-	-	-	-	-	-
τις	τις	2	p	-	s	-	-	-	m	n	-
,	,	3	u	-	-	-	-	-	-	-	-
εἰδώς	οἶδα	4	v	-	s	r	p	a	m	n	-
γ'	γε	5	d	-	-	-	-	-	-	-	-
εὖ	εὖ	6	d	-	-	-	-	-	-	-	-
τόδ'	ὅδε	7	p	-	s	-	-	-	n	a	-
ἐξεῖπον	ἐξεῖπον	8	v	1	s	a	i	a	-	-	-
τέλος	τέλος	9	n	-	s	-	-	-	n	a	-
.	.	10	u	-	-	-	-	-	-	-	-

τί	τίς	1	p	-	s	-	-	-	n	a	-
δ'	δέ	2	d	-	-	-	-	-	-	-	-
ἂν	ἄν1	3	d	-	-	-	-	-	-	-	-
δοκεῖ	δοκέω	4	v	3	s	p	i	a	-	-	-
σοι	σύ	5	p	-	s	-	-	-	m	d	-
Πρίαμος	Πρίαμος	6	n	-	s	-	-	-	m	n	-
,	,	7	u	-	-	-	-	-	-	-	-
εἰ	εἰ	8	c	-	-	-	-	-	-	-	-
τάδ'	ὅδε	9	p	-	p	-	-	-	n	a	-
ἤνυσεν	ἀνύω	10	v	3	s	a	i	a	-	-	-
;	;	11	u	-	-	-	-	-	-	-	-

ἐν	ἐν	1	r	-	-	-	-	-	-	-	-
ποικίλοις	ποικίλος	2	a	-	p	-	-	-	n	d	-
ἂν	ἄν1	3	d	-	-	-	-	-	-	-	-
κάρτα	κάρτα	4	d	-	-	-	-	-	-	-	-
μοι	ἐγώ	5	p	-	s	-	-	-	m	d	-
βῆναι	βαίνω	6	v	-	-	a	n	a	-	-	-
δοκεῖ	δοκέω	7	v	3	s	p	i	a	-	-	-
.	.	8	u	-	-	-	-	-	-	-	-

μή	μή	1	c	-	-	-	-	-	-	-	-
νυν	νῦν	2	d	-	-	-	-	-	-	-	-
τὸν	ὁ	3	l	-	s	-	-	-	m	a	-
ἀνθρώπειον	ἀνθρώπειος	4	a	-	s	-	-	-	m	a	-
αἰδεσθῇς	αἰδέομαι	5	v	2	s	a	s	p	-	-	-
ψόγον	ψόγος	6	n	-	s	-	-	-	m	a	-
.	.	7	u	-	-	-	-	-	-	-	-

φήμη	φήμη	1	n	-	s	-	-	-	f	n	-
γε	γε	2	d	-	-	-	-	-	-	-	-
μέντοι	μέντοι	3	d	-	-	-	-	-	-	-	-
δημόθρους	δημόθροος	4	a	-	p	-	-	-	f	n	-
μέγα	μέγας	5	a	-	s	-	-	-	n	a	-
σθένει	σθένω	6	v	3	s	p	i	a	-	-	-
.	.	7	u	-	-	-	-	-	-	-	-

ὁ	ὁ	1	l	-	s	-	-	-	m	n	-
δ'	δέ	2	d	-	-	-	-	-	-	-	-
ἀφθόνητός	ἀφθόνητος	3	a	-	s	-	-	-	m	n	-
γ'	γε	4	d	-	-	-	-	-	-	-	-
οὐκ	οὐ	5	d	-	-	-	-	-	-	-	-
ἐπίζηλος	ἐπίζηλος	6	a	-	s	-	-	-	m	n	-
πέλει	πέλω	7	v	3	s	p	i	a	-	-	-
.	.	8	u	-	-	-	-	-	-	-	-

οὔτοι	οὔτοι	1	d	-	-	-	-	-	-	-	-
γυναικός	γυνή	2	n	-	s	-	-	-	f	g	-
ἐστιν	εἰμί	3	v	3	s	p	i	a	-	-	-
ἱμείρειν	ἱμείρω	4	v	-	-	p	n	a	-	-	-
μάχης	μάχη	5	n	-	s	-	-	-	f	g	-
.	.	6	u	-	-	-	-	-	-	-	-

τοῖς	ὁ	1	l	-	p	-	-	-	m	d	-
δ'	δέ	2	d	-	-	-	-	-	-	-	-
ὀλβίοις	ὄλβιος	3	a	-	p	-	-	-	m	d	-
γε	γε	4	d	-	-	-	-	-	-	-	-
καὶ	καί	5	c	-	-	-	-	-	-	-	-
τὸ	ὁ	6	l	-	s	-	-	-	n	n	-
νικᾶσθαι	νικάω	7	v	-	-	p	n	e	-	-	-
πρέπει	πρέπω	8	v	3	s	p	i	a	-	-	-
.	.	9	u	-	-	-	-	-	-	-	-

ἦ	ἦ	1	d	-	-	-	-	-	-	-	-
καὶ	καί	2	c	-	-	-	-	-	-	-	-
σὺ	σύ	3	p	-	s	-	-	-	-	n	-
νίκην	νίκη	4	n	-	s	-	-	-	f	a	-
τήνδε	ὅδε	5	p	-	s	-	-	-	f	a	-
δήριος	δῆρις	6	n	-	s	-	-	-	f	g	-
τίεις	τίω	7	v	2	s	p	i	a	-	-	-
;	;	8	u	-	-	-	-	-	-	-	-

πιθοῦ	πείθω	1	v	2	s	a	m	m	-	-	-
·	·	2	u	-	-	-	-	-	-	-	-

κράτος	κράτος	1	n	-	s	-	-	-	n	a	-
μέντοι	μέντοι	2	d	-	-	-	-	-	-	-	-
πάρες	παρίημι	3	v	2	s	a	m	a	-	-	-
γ'	γε	4	d	-	-	-	-	-	-	-	-
ἑκὼν	ἑκών	5	a	-	s	-	-	-	m	n	-
ἐμοί	ἐμός	6	p	-	p	-	-	-	m	n	-
.	.	7	u	-	-	-	-	-	-	-	-

ἀλλ'	ἀλλά	1	d	-	-	-	-	-	-	-	-
εἰ	εἰ	2	c	-	-	-	-	-	-	-	-
δοκεῖ	δοκέω	3	v	3	s	p	i	a	-	-	-
σοι	σύ	4	p	-	s	-	-	-	f	d	-
ταῦθ'	οὗτος	5	p	-	p	-	-	-	n	n	-
,	,	6	u	-	-	-	-	-	-	-	-
ὑπαί	ὑπό	7	r	-	-	-	-	-	-	-	-
τις	τις	8	p	-	s	-	-	-	m	n	-
ἀρβύλας	ἀρβύλη	9	n	-	p	-	-	-	f	a	-
λύοι	λύω	10	v	3	s	p	o	a	-	-	-
τάχος	τάχος	11	n	-	s	-	-	-	n	a	-
,	,	12	u	-	-	-	-	-	-	-	-
πρόδουλον	πρόδουλος	13	a	-	s	-	-	-	f	a	-
ἔμβασιν	ἔμβασις	14	n	-	s	-	-	-	f	a	-
ποδός	πούς	15	n	-	s	-	-	-	m	g	-
.	.	16	u	-	-	-	-	-	-	-	-

καὶ	καί	1	c	-	-	-	-	-	-	-	-
τοῖσδέ	ὅδε	2	p	-	p	-	-	-	n	d	-
μ'	ἐγώ	3	p	-	s	-	-	-	m	a	-
ἐμβαίνονθ'	ἐμβαίνω	4	v	-	s	p	p	a	m	a	-
ἁλουργέσιν	ἁλουργής	5	a	-	p	-	-	-	n	d	-
θεῶν	θεός	6	n	-	p	-	-	-	m	g	-
μή	μή	7	d	-	-	-	-	-	-	-	-
τις	τις	8	p	-	s	-	-	-	m	n	-
πρόσωθεν	πρόσωθεν	9	d	-	-	-	-	-	-	-	-
ὄμματος	ὄμμα	10	n	-	s	-	-	-	n	g	-
βάλοι	βάλλω	11	v	3	s	a	o	a	-	-	-
φθόνος	φθόνος	12	n	-	s	-	-	-	m	n	-
.	.	13	u	-	-	-	-	-	-	-	-

πολλὴ	πολύς	1	a	-	s	-	-	-	f	n	-
γὰρ	γάρ	2	d	-	-	-	-	-	-	-	-
αἰδὼς	αἰδώς	3	n	-	s	-	-	-	f	n	-
δωματοφθορεῖν	δωματοφθορέω	4	v	-	-	p	n	a	-	-	-
ποσὶν	πούς	5	n	-	p	-	-	-	m	d	-
φθείροντα	φθείρω	6	v	-	s	p	p	a	m	a	-
πλοῦτον	πλοῦτος	7	n	-	s	-	-	-	m	a	-
ἀργυρωνήτους	ἀργυρώνητος	8	a	-	p	-	-	-	f	a	-
θ'	τε	9	c	-	-	-	-	-	-	-	-
ὑφάς	ὑφή	10	n	-	p	-	-	-	f	a	-
.	.	11	u	-	-	-	-	-	-	-	-

τούτων	οὗτος	1	p	-	p	-	-	-	n	g	-
μὲν	μέν	2	d	-	-	-	-	-	-	-	-
οὕτω	οὕτως	3	d	-	-	-	-	-	-	-	-
·	·	4	u	-	-	-	-	-	-	-	-

τὴν	ὁ	1	l	-	s	-	-	-	f	a	-
ξένην	ξένος	2	n	-	s	-	-	-	f	a	-
δὲ	δέ	3	d	-	-	-	-	-	-	-	-
πρευμενῶς	πρευμενής	4	d	-	-	-	-	-	-	-	-
τήνδ'	ὅδε	5	p	-	s	-	-	-	f	a	-
ἐσκόμιζε	εἰσκομίζω	6	v	2	s	p	m	a	-	-	-
·	·	7	u	-	-	-	-	-	-	-	-

τὸν	ὁ	1	l	-	s	-	-	-	m	a	-
κρατοῦντα	κρατέω	2	v	-	s	p	p	a	m	a	-
μαλθακῶς	μαλθακός	3	d	-	-	-	-	-	-	-	-
θεὸς	θεός	4	n	-	s	-	-	-	m	n	-
πρόσωθεν	πρόσωθεν	5	d	-	-	-	-	-	-	-	-
εὐμενῶς	εὐμενής	6	d	-	-	-	-	-	-	-	-
προσδέρκεται	προσδέρκομαι	7	v	3	s	p	i	e	-	-	-
.	.	8	u	-	-	-	-	-	-	-	-

ἑκὼν	ἑκών	1	a	-	s	-	-	-	m	n	-
γὰρ	γάρ	2	d	-	-	-	-	-	-	-	-
οὐδεὶς	οὐδείς	3	p	-	s	-	-	-	m	-	-
δουλίῳ	δούλιος	4	a	-	s	-	-	-	n	d	-
χρῆται	χράομαι	5	v	3	s	p	i	e	-	-	-
ζυγῷ	ζυγόν	6	n	-	s	-	-	-	n	d	-
.	.	7	u	-	-	-	-	-	-	-	-

αὕτη	οὗτος	1	p	-	s	-	-	-	f	n	-
δὲ	δέ	2	d	-	-	-	-	-	-	-	-
πολλῶν	πολύς	3	a	-	p	-	-	-	n	g	-
χρημάτων	χρῆμα	4	n	-	p	-	-	-	n	g	-
ἐξαίρετον	ἐξαιρετός	5	a	-	s	-	-	-	n	n	-
ἄνθος	ἄνθος	6	n	-	s	-	-	-	n	n	-
,	,	7	u	-	-	-	-	-	-	-	-
στρατοῦ	στρατός	8	n	-	s	-	-	-	m	g	-
δώρημ'	δώρημα	9	n	-	s	-	-	-	n	n	-
,	,	10	u	-	-	-	-	-	-	-	-
ἐμοὶ	ἐγώ	11	p	-	s	-	-	-	m	d	-
ξυνέσπετο	συνέπομαι	12	v	3	s	a	i	m	-	-	-
.	.	13	u	-	-	-	-	-	-	-	-

ἐπεὶ	ἐπεί	1	c	-	-	-	-	-	-	-	-
δ'	δέ	2	d	-	-	-	-	-	-	-	-
ἀκούειν	ἀκούω	3	v	-	-	p	n	a	-	-	-
σοῦ	σύ	4	p	-	s	-	-	-	-	g	-
κατέστραμμαι	καταστρέφω	5	v	1	s	r	i	e	-	-	-
τάδε	ὅδε	6	p	-	p	-	-	-	n	a	-
,	,	7	u	-	-	-	-	-	-	-	-
εἶμ'	εἶμι	8	v	1	s	p	i	a	-	-	-
ἐς	εἰς	9	r	-	-	-	-	-	-	-	-
δόμων	δόμος	10	n	-	p	-	-	-	m	g	-
μέλαθρα	μέλαθρον	11	n	-	p	-	-	-	n	a	-
πορφύρας	πορφύρα	12	n	-	p	-	-	-	f	a	-
πατῶν	πατέω	13	v	-	s	p	p	a	m	n	-
.	.	14	u	-	-	-	-	-	-	-	-

ἔστιν	εἰμί	1	v	3	s	p	i	a	-	-	-
θάλασσα	θάλασσα	2	n	-	s	-	-	-	f	n	-
,	,	3	u	-	-	-	-	-	-	-	-
τίς	τίς	4	p	-	s	-	-	-	m	n	-
δέ	δέ	5	d	-	-	-	-	-	-	-	-
νιν	νιν	6	p	-	s	-	-	-	f	a	-
κατασβέσει	κατασβέννυμι	7	v	3	s	f	i	a	-	-	-
;	;	8	u	-	-	-	-	-	-	-	-

τρέφουσα	τρέφω	1	v	-	s	p	p	a	f	n	-
πολλῆς	πολύς	2	a	-	s	-	-	-	f	g	-
πορφύρας	πορφύρα	3	n	-	s	-	-	-	f	g	-
ἰσάργυρον	ἰσάργυρος	4	a	-	s	-	-	-	f	a	-
κηκῖδα	κηκίς	5	n	-	s	-	-	-	f	a	-
παγκαίνιστον	παγκαίνιστος	6	a	-	s	-	-	-	f	a	-
,	,	7	u	-	-	-	-	-	-	-	-
εἱμάτων	εἷμα	8	n	-	p	-	-	-	n	g	-
βαφάς	βαφή	9	n	-	p	-	-	-	f	a	-
.	.	10	u	-	-	-	-	-	-	-	-

οἶκος	οἶκος	1	n	-	s	-	-	-	m	n	-
δ'	δέ	2	d	-	-	-	-	-	-	-	-
ὑπάρχει	ὑπάρχω	3	v	3	s	p	i	a	-	-	-
τῶνδε	ὅδε	4	p	-	p	-	-	-	n	g	-
σὺν	σύν	5	r	-	-	-	-	-	-	-	-
θεοῖς	θεός	6	n	-	p	-	-	-	m	d	-
ἅλις	ἅλις	7	d	-	-	-	-	-	-	-	-
ἔχειν	ἔχω	8	v	-	-	p	n	a	-	-	-
·	·	9	u	-	-	-	-	-	-	-	-

πένεσθαι	πένομαι	1	v	-	-	p	n	e	-	-	-
δ'	δέ	2	d	-	-	-	-	-	-	-	-
οὐκ	οὐ	3	d	-	-	-	-	-	-	-	-
ἐπίσταται	ἐπίσταμαι	4	v	3	s	p	i	e	-	-	-
δόμος	δόμος	5	n	-	s	-	-	-	m	n	-
.	.	6	u	-	-	-	-	-	-	-	-

πολλῶν	πολύς	1	a	-	p	-	-	-	n	g	-
πατησμὸν	πατησμός	2	n	-	s	-	-	-	m	a	-
δ'	δέ	3	d	-	-	-	-	-	-	-	-
εἱμάτων	εἷμα	4	n	-	p	-	-	-	n	g	-
ἂν	ἄν	5	d	-	-	-	-	-	-	-	-
ηὐξάμην	εὔχομαι	6	v	1	s	a	i	m	-	-	-
,	,	7	u	-	-	-	-	-	-	-	-
δόμοισι	δόμος	8	n	-	p	-	-	-	m	d	-
προυνεχθέντος	προφέρω	9	v	-	s	a	p	p	m	g	-
ἐν	ἐν	10	r	-	-	-	-	-	-	-	-
χρηστηρίοις	χρηστήριον	11	n	-	p	-	-	-	n	d	-
,	,	12	u	-	-	-	-	-	-	-	-
ψυχῆς	ψυχή	13	n	-	s	-	-	-	f	g	-
κόμιστρα	κόμιστρον	14	n	-	p	-	-	-	n	a	-
τῆσδε	ὅδε	15	p	-	s	-	-	-	f	g	-
μηχανωμένῃ	μηχανάομαι	16	v	-	s	p	p	e	f	d	-
.	.	17	u	-	-	-	-	-	-	-	-

ῥίζης	ῥίζα	1	n	-	s	-	-	-	f	g	-
γὰρ	γάρ	2	d	-	-	-	-	-	-	-	-
οὔσης	εἰμί	3	v	-	s	p	p	a	f	g	-
φυλλὰς	φυλλάς	4	n	-	s	-	-	-	f	n	-
ἵκετ'	ἱκνέομαι	5	v	3	s	a	i	-	-	-	-
ἐς	εἰς	6	r	-	-	-	-	-	-	-	-
δόμους	δόμος	7	n	-	p	-	-	-	m	a	-
,	,	8	u	-	-	-	-	-	-	-	-
σκιὰν	σκιά	9	n	-	s	-	-	-	f	a	-
ὑπερτείνασα	ὑπερτείνω	10	v	-	s	a	p	a	f	n	-
σειρίου	σείριος	11	n	-	s	-	-	-	m	g	-
κυνός	κύων	12	n	-	s	-	-	-	m	g	-
.	.	13	u	-	-	-	-	-	-	-	-

καὶ	καί	1	c	-	-	-	-	-	-	-	-
σοῦ	σύ	2	p	-	s	-	-	-	-	g	-
μολόντος	βλώσκω	3	v	-	s	a	p	a	m	g	-
δωματῖτιν	δωματῖτις	4	n	-	s	-	-	-	f	a	-
ἑστίαν	ἑστία	5	n	-	s	-	-	-	f	a	-
,	,	6	u	-	-	-	-	-	-	-	-
θάλπος	θάλπος	7	n	-	s	-	-	-	n	a	-
μὲν	μέν	8	d	-	-	-	-	-	-	-	-
ἐν	ἐν	9	r	-	-	-	-	-	-	-	-
χειμῶνι	χειμών	10	n	-	s	-	-	-	m	d	-
σημαίνεις	σημαίνω	11	v	2	s	p	i	a	-	-	-
μολόν	βλώσκω	12	v	-	s	a	p	a	n	a	-
·	·	13	u	-	-	-	-	-	-	-	-

ὅταν	ὅταν	1	c	-	-	-	-	-	-	-	-
δὲ	δέ	2	d	-	-	-	-	-	-	-	-
τεύχῃ	τεύχω	3	v	3	s	p	s	a	-	-	-
Ζεὺς	Ζεύς	4	n	-	s	-	-	-	m	n	-
ἀπ'	ἀπό	5	r	-	-	-	-	-	-	-	-
ὄμφακος	ὄμφαξ	6	n	-	s	-	-	-	f	g	-
πικρᾶς	πικρός	7	a	-	s	-	-	-	f	g	-
οἶνον	οἶνος	8	n	-	s	-	-	-	m	a	-
,	,	9	u	-	-	-	-	-	-	-	-
τότ'	τότε	10	d	-	-	-	-	-	-	-	-
ἤδη	ἤδη	11	d	-	-	-	-	-	-	-	-
ψῦχος	ψῦχος	12	n	-	s	-	-	-	n	n	-
ἐν	ἐν	13	r	-	-	-	-	-	-	-	-
δόμοις	δόμος	14	n	-	p	-	-	-	m	d	-
πέλει	πέλω	15	v	3	s	p	i	a	-	-	-
,	,	16	u	-	-	-	-	-	-	-	-
ἀνδρὸς	ἀνήρ	17	n	-	s	-	-	-	m	g	-
τελείου	τέλειος	18	a	-	s	-	-	-	m	g	-
δῶμ'	δῶμα	19	n	-	s	-	-	-	n	a	-
ἐπιστρωφωμένου	ἐπιστρωφάω	20	v	-	s	p	p	e	m	g	-
.	.	21	u	-	-	-	-	-	-	-	-

Ζεῦ	Ζεύς	1	n	-	s	-	-	-	m	v	-
,	,	2	u	-	-	-	-	-	-	-	-
Ζεῦ	Ζεύς	3	n	-	s	-	-	-	m	v	-
τέλειε	τέλειος	4	a	-	s	-	-	-	m	v	-
,	,	5	u	-	-	-	-	-	-	-	-
τὰς	ὁ	6	l	-	p	-	-	-	f	a	-
ἐμὰς	ἐμός	7	p	-	p	-	-	-	f	a	-
εὐχὰς	εὐχή	8	n	-	p	-	-	-	f	a	-
τέλει	τελέω	9	v	2	s	p	m	a	-	-	-
·	·	10	u	-	-	-	-	-	-	-	-

μέλοι	μέλω	1	v	3	s	p	o	a	-	-	-
δέ	δέ	2	d	-	-	-	-	-	-	-	-
τοι	τοι	3	d	-	-	-	-	-	-	-	-
σοὶ	σύ	4	p	-	p	-	-	-	m	n	-
τῶν	ὁ	5	p	-	p	-	-	-	n	g	-
περ	πέρ	6	d	-	-	-	-	-	-	-	-
ἂν	ἄν1	7	d	-	-	-	-	-	-	-	-
μέλλῃς	μέλλω	8	v	2	s	p	s	a	-	-	-
τελεῖν	τελέω	9	v	-	-	p	n	a	-	-	-
.	.	10	u	-	-	-	-	-	-	-	-

τίπτε	τίπτε	1	d	-	-	-	-	-	-	-	-
μοι	ἐγώ	2	p	-	s	-	-	-	m	d	-
τόδ'	ὅδε	3	p	-	s	-	-	-	n	n	-
ἐμπέδως	ἔμπεδος	4	d	-	-	-	-	-	-	-	-
δεῖμα	δεῖμα	5	n	-	s	-	-	-	n	n	-
προστατήριον	προστατήριος	6	a	-	s	-	-	-	n	n	-
καρδίας	καρδία	7	n	-	s	-	-	-	f	g	-
τερασκόπου	τερασκόπος	8	a	-	s	-	-	-	f	g	-
ποτᾶται	ποτάομαι	9	v	3	s	p	i	e	-	-	-
,	,	10	u	-	-	-	-	-	-	-	-
μαντιπολεῖ	μαντιπολέω	11	v	3	s	p	i	a	-	-	-
δ'	δέ	12	d	-	-	-	-	-	-	-	-
ἀκέλευστος	ἀκέλευστος	13	a	-	s	-	-	-	f	n	-
ἄμισθος	ἄμισθος	14	a	-	s	-	-	-	f	n	-
ἀοιδά	ἀοιδή	15	n	-	s	-	-	-	f	n	-
,	,	16	u	-	-	-	-	-	-	-	-
οὐ	οὐδέ	17	c	-	-	-	-	-	-	-	-
δ'	δέ	18	d	-	-	-	-	-	-	-	-
ἀποπτύσαι	ἀποπτύω	19	v	-	-	a	n	a	-	-	-
δίκαν	δίκη	20	n	-	s	-	-	-	f	a	-
δυσκρίτων	δύσκριτος	21	a	-	p	-	-	-	n	g	-
ὀνειράτων	ὄνειρος	22	n	-	p	-	-	-	n	g	-
θάρσος	θάρσος	23	n	-	s	-	-	-	n	n	-
εὐπειθὲς	εὐπειθής	24	a	-	s	-	-	-	n	n	-
ἵζει	ἵζω	25	v	3	s	p	i	a	-	-	-
φρενὸς	φρήν	26	n	-	s	-	-	-	f	g	-
φίλον	φίλος	27	a	-	s	-	-	-	m	a	-
θρόνον	θρόνος	28	n	-	s	-	-	-	m	a	-
;	;	29	u	-	-	-	-	-	-	-	-

χρόνος	χρόνος	1	n	-	s	-	-	-	m	n	-
δ'	δέ	2	d	-	-	-	-	-	-	-	-
ἐπὶ	ἐπί	3	r	-	-	-	-	-	-	-	-
πρυμνησίων	πρυμνήσιος	4	a	-	p	-	-	-	m	g	-
ξυνεμβολαῖς	συνεμβολή	5	n	-	p	-	-	-	f	d	-
ψαμμί'	ψαμμίον	6	n	-	p	-	-	-	n	a	-
ἀκτᾶς	ἀκτέα	7	n	-	s	-	-	-	f	g	-
παρήμησεν	παραμάω	8	v	3	s	a	i	-	-	-	-
,	,	9	u	-	-	-	-	-	-	-	-
εὖθ'	εὖτε	10	c	-	-	-	-	-	-	-	-
ὑπ'	ὑπό	11	r	-	-	-	-	-	-	-	-
Ἴλιον	Ἴλιος	12	n	-	s	-	-	-	f	a	-
ὦρτο	ὄρνυμι	13	v	3	s	a	i	-	-	-	-
ναυβάτας	ναυβάτης	14	n	-	s	-	-	-	m	n	-
στρατός	στρατός	15	n	-	s	-	-	-	m	n	-
.	.	16	u	-	-	-	-	-	-	-	-

πεύθομαι	πυνθάνομαι	1	v	1	s	p	i	e	-	-	-
δ'	δέ	2	d	-	-	-	-	-	-	-	-
ἀπ'	ἀπό	3	r	-	-	-	-	-	-	-	-
ὀμμάτων	ὄμμα	4	n	-	p	-	-	-	n	g	-
νόστον	νόστος	5	n	-	s	-	-	-	m	a	-
,	,	6	u	-	-	-	-	-	-	-	-
αὐτόμαρτυς	αὐτόμαρτυς	7	n	-	s	-	-	-	m	n	-
ὤν	εἰμί	8	v	-	s	p	p	a	m	n	-
·	·	9	u	-	-	-	-	-	-	-	-

τὸν	ὁ	1	l	-	s	-	-	-	m	a	-
δ'	δέ	2	d	-	-	-	-	-	-	-	-
ἄνευ	ἄνευ	3	r	-	-	-	-	-	-	-	-
λύρας	λύρα	4	n	-	s	-	-	-	f	g	-
ὅμως	ὅμως	5	c	-	-	-	-	-	-	-	-
ὑμνῳδεῖ	ὑμνῳδέω	6	v	3	s	p	i	a	-	-	-
θρῆνον	θρῆνος	7	n	-	s	-	-	-	m	a	-
Ἐρινύος	Ἐρινύς	8	n	-	s	-	-	-	f	g	-
αὐτοδίδακτος	αὐτοδίδακτος	9	a	-	s	-	-	-	m	n	-
ἔσωθεν	ἔσωθεν	10	d	-	-	-	-	-	-	-	-
θυμός	θυμός	11	n	-	s	-	-	-	m	n	-
,	,	12	u	-	-	-	-	-	-	-	-
οὐ	οὐ	13	d	-	-	-	-	-	-	-	-
τὸ	ὁ	14	l	-	s	-	-	-	n	a	-
πᾶν	πᾶς	15	p	-	s	-	-	-	n	a	-
ἔχων	ἔχω	16	v	-	s	p	p	a	m	n	-
ἐλπίδος	ἐλπίς	17	n	-	s	-	-	-	f	g	-
φίλον	φίλος	18	a	-	s	-	-	-	n	a	-
θράσος	θράσος	19	n	-	s	-	-	-	n	a	-
.	.	20	u	-	-	-	-	-	-	-	-

σπλάγχνα	σπλάγχνον	1	n	-	p	-	-	-	n	n	-
δ'	δέ	2	d	-	-	-	-	-	-	-	-
οὔτοι	οὔτοι	3	d	-	-	-	-	-	-	-	-
ματᾴζει	ματάζω	4	v	3	s	p	i	a	-	-	-
πρὸς	πρός	5	r	-	-	-	-	-	-	-	-
ἐνδίκοις	ἔνδικος	6	a	-	p	-	-	-	f	d	-
φρεσὶν	φρήν	7	n	-	p	-	-	-	f	d	-
τελεσφόροις	τελεσφόρος	8	a	-	p	-	-	-	f	d	-
δίναις	δίνη	9	n	-	p	-	-	-	f	d	-
κυκώμενον	κυκάω	10	v	-	s	p	p	e	n	n	-
κέαρ	κέαρ	11	n	-	s	-	-	-	n	n	-
.	.	12	u	-	-	-	-	-	-	-	-

εὔχομαι	εὔχομαι	1	v	1	s	p	i	e	-	-	-
δ'	δέ	2	d	-	-	-	-	-	-	-	-
ἐξ	ἐκ	3	r	-	-	-	-	-	-	-	-
ἐμᾶς	ἐμός	4	p	-	s	-	-	-	f	g	-
ἐλπίδος	ἐλπίς	5	n	-	s	-	-	-	f	g	-
ψύθη	ψύθος	6	n	-	p	-	-	-	n	a	-
πεσεῖν	πίπτω	7	v	-	-	a	n	a	-	-	-
ἐς	εἰς	8	r	-	-	-	-	-	-	-	-
τὸ	ὁ	9	l	-	s	-	-	-	n	a	-
μὴ	μή	10	d	-	-	-	-	-	-	-	-
τελεσφόρον	τελεσφόρος	11	a	-	s	-	-	-	n	a	-
.	.	12	u	-	-	-	-	-	-	-	-

μάλα	μάλα	1	d	-	-	-	-	-	-	-	-
γέ	γε	2	d	-	-	-	-	-	-	-	-
τοι	τοι	3	d	-	-	-	-	-	-	-	-
τὸ	ὁ	4	l	-	s	-	-	-	n	n	-
μεγάλας	μέγας	5	a	-	s	-	-	-	f	g	-
ὑγιείας	ὑγίεια	6	n	-	s	-	-	-	f	g	-
ἀκόρεστον	ἀκόρεστος	7	a	-	s	-	-	-	n	n	-
τέρμα	τέρμα	8	n	-	s	-	-	-	n	n	-
·	·	9	u	-	-	-	-	-	-	-	-

νόσος	νόσος	1	n	-	s	-	-	-	f	n	-
γάρ	γάρ	2	d	-	-	-	-	-	-	-	-
γείτων	γείτων	3	n	-	s	-	-	-	m	n	-
ὁμότοιχος	ὁμότοιχος	4	a	-	s	-	-	-	m	n	-
ἐρείδει	ἐρείδω	5	v	3	s	p	i	a	-	-	-
.	.	6	u	-	-	-	-	-	-	-	-

καὶ	καί	1	c	-	-	-	-	-	-	-	-
πότμος	πότμος	2	n	-	s	-	-	-	m	n	-
εὐθυπορῶν	εὐθυπορέω	3	v	-	s	p	p	a	m	n	-
ἀνδρὸς	ἀνήρ	4	n	-	s	-	-	-	m	g	-
ἔπαισεν	παίω	5	v	3	s	a	i	a	-	-	-
ἄφαντον	ἄφαντος	6	a	-	s	-	-	-	n	a	-
ἕρμα	ἕρμα	7	n	-	s	-	-	-	n	a	-
.	.	8	u	-	-	-	-	-	-	-	-

καὶ	καί	1	c	-	-	-	-	-	-	-	-
πρὸ	πρό	2	r	-	-	-	-	-	-	-	-
μέν	μέν	3	d	-	-	-	-	-	-	-	-
τι	τις	4	p	-	s	-	-	-	n	a	-
χρημάτων	χρῆμα	5	n	-	p	-	-	-	n	g	-
κτησίων	κτήσιος	6	a	-	p	-	-	-	n	g	-
ὄκνος	ὄκνος	7	n	-	s	-	-	-	m	n	-
βαλὼν	βάλλω	8	v	-	s	a	p	a	m	n	-
σφενδόνας	σφενδόνη	9	n	-	s	-	-	-	f	g	-
ἀπ'	ἀπό	10	r	-	-	-	-	-	-	-	-
εὐμέτρου	εὔμετρος	11	a	-	s	-	-	-	f	g	-
,	,	12	u	-	-	-	-	-	-	-	-
οὐκ	οὐ	13	d	-	-	-	-	-	-	-	-
ἔδυ	δύω	14	v	3	s	a	i	a	-	-	-
πρόπας	πρόπας	15	a	-	s	-	-	-	m	n	-
δόμος	δόμος	16	n	-	s	-	-	-	m	n	-
πημονᾶς	πημονή	17	n	-	s	-	-	-	f	g	-
γέμων	γέμω	18	v	-	s	p	p	a	m	n	-
ἄγαν	ἄγαν	19	d	-	-	-	-	-	-	-	-
,	,	20	u	-	-	-	-	-	-	-	-
οὐ	οὐ	21	d	-	-	-	-	-	-	-	-
δ'	δέ	22	d	-	-	-	-	-	-	-	-
ἐπόντισε	ποντίζω	23	v	3	s	a	i	a	-	-	-
σκάφος	σκάφος	24	n	-	s	-	-	-	n	a	-
.	.	25	u	-	-	-	-	-	-	-	-

πολλά	πολύς	1	a	-	s	-	-	-	f	n	-
τοι	τοι	2	d	-	-	-	-	-	-	-	-
δόσις	δόσις	3	n	-	s	-	-	-	f	n	-
ἐκ	ἐκ	4	r	-	-	-	-	-	-	-	-
Διὸς	Ζεύς	5	n	-	s	-	-	-	m	g	-
ἀμφιλαφής	ἀμφιλαφής	6	a	-	s	-	-	-	f	n	-
τε	τε	7	c	-	-	-	-	-	-	-	-
καὶ	καί	8	c	-	-	-	-	-	-	-	-
ἐξ	ἐκ	9	r	-	-	-	-	-	-	-	-
ἀλόκων	αὖλαξ	10	n	-	p	-	-	-	f	g	-
ἐπετειᾶν	ἐπέτειος	11	a	-	p	-	-	-	f	g	-
νῆστιν	νῆστις	12	n	-	s	-	-	-	m	a	-
ὤλεσεν	ὄλλυμι	13	v	3	s	a	i	a	-	-	-
νόσον	νόσος	14	n	-	s	-	-	-	f	a	-
.	.	15	u	-	-	-	-	-	-	-	-

τὸ	ὁ	1	l	-	s	-	-	-	n	a	-
δ'	δέ	2	d	-	-	-	-	-	-	-	-
ἐπὶ	ἐπί	3	r	-	-	-	-	-	-	-	-
γᾶν	γῆ	4	n	-	s	-	-	-	f	a	-
πεσὸν	πίπτω	5	v	-	s	a	p	a	n	a	-
ἅπαξ	ἅπαξ	6	d	-	-	-	-	-	-	-	-
θανάσιμον	θανάσιμος	7	a	-	s	-	-	-	n	a	-
πρόπαρ	πρόπαρ	8	r	-	-	-	-	-	-	-	-
ἀνδρὸς	ἀνήρ	9	n	-	s	-	-	-	m	g	-
μέλαν	μέλας	10	a	-	s	-	-	-	n	a	-
αἷμα	αἷμα	11	n	-	s	-	-	-	n	a	-
τίς	τίς	12	p	-	s	-	-	-	m	n	-
ἂν	ἄν1	13	d	-	-	-	-	-	-	-	-
πάλιν	πάλιν	14	d	-	-	-	-	-	-	-	-
ἀγκαλέσαιτ'	ἀνακαλέω	15	v	3	s	a	o	m	-	-	-
ἐπαείδων	ἐπαείδω	16	v	-	s	p	p	a	m	n	-
;	;	17	u	-	-	-	-	-	-	-	-

οὐ	οὐδέ	1	c	-	-	-	-	-	-	-	-
δὲ	δέ	2	d	-	-	-	-	-	-	-	-
τὸν	ὁ	3	l	-	s	-	-	-	m	a	-
ὀρθοδαῆ	ὀρθοδαής	4	a	-	s	-	-	-	m	a	-
τῶν	ὁ	5	l	-	p	-	-	-	m	g	-
φθιμένων	φθίω	6	v	-	p	a	p	m	m	g	-
ἀνάγειν	ἀνάγω	7	v	-	-	p	n	a	-	-	-
Ζεὺς	Ζεύς	8	n	-	s	-	-	-	m	n	-
ἀπέπαυσεν	ἀποπαύω	9	v	3	s	a	i	a	-	-	-
ἐπ'	ἐπί	10	r	-	-	-	-	-	-	-	-
εὐλαβείᾳ	εὐλάβεια	11	n	-	s	-	-	-	f	d	-
;	;	12	u	-	-	-	-	-	-	-	-

εἰ	εἰ	1	c	-	-	-	-	-	-	-	-
δὲ	δέ	2	d	-	-	-	-	-	-	-	-
μὴ	μή	3	d	-	-	-	-	-	-	-	-
τεταγμένα	τάσσω	4	v	-	s	r	p	e	f	n	-
μοῖρα	μοῖρα	5	n	-	s	-	-	-	f	n	-
μοῖραν	μοῖρα	6	n	-	s	-	-	-	f	a	-
ἐκ	ἐκ	7	r	-	-	-	-	-	-	-	-
θεῶν	θεός	8	n	-	p	-	-	-	m	g	-
εἶργε	ἔργω	9	v	3	s	i	i	a	-	-	-
μὴ	μή	10	c	-	-	-	-	-	-	-	-
πλέον	πλείων	11	a	-	s	-	-	-	n	n	c
φέρειν	φέρω	12	v	-	-	p	n	a	-	-	-
,	,	13	u	-	-	-	-	-	-	-	-
προφθάσασα	προφθάνω	14	v	-	s	a	p	a	f	n	-
καρδία	καρδία	15	n	-	s	-	-	-	f	n	-
γλῶσσαν	γλῶσσα	16	n	-	s	-	-	-	f	a	-
ἂν	ἄν1	17	d	-	-	-	-	-	-	-	-
τάδ'	ὅδε	18	p	-	p	-	-	-	n	a	-
ἐξέχει	ἐκχέω	19	v	3	s	i	i	a	-	-	-
.	.	20	u	-	-	-	-	-	-	-	-

νῦν	νῦν	1	d	-	-	-	-	-	-	-	-
δ'	δέ	2	d	-	-	-	-	-	-	-	-
ὑπὸ	ὑπό	3	r	-	-	-	-	-	-	-	-
σκότῳ	σκότος	4	n	-	s	-	-	-	m	d	-
βρέμει	βρέμω	5	v	3	s	p	i	a	-	-	-
θυμαλγής	θυμαλγής	6	a	-	s	-	-	-	f	n	-
τε	τε	7	c	-	-	-	-	-	-	-	-
καὶ	καί	8	c	-	-	-	-	-	-	-	-
οὐδὲν	οὐδείς	9	p	-	s	-	-	-	n	a	-
ἐπελπομένα	ἐπέλπομαι	10	v	-	s	p	p	e	f	n	-
ποτὲ	ποτέ	11	d	-	-	-	-	-	-	-	-
καίριον	καίριος	12	a	-	s	-	-	-	m	a	-
ἐκτολυπεύσειν	ἐκτολυπεύω	13	v	-	-	f	n	a	-	-	-
ζωπυρουμένας	ζωπυρέω	14	v	-	s	p	p	e	f	g	-
φρενός	φρήν	15	n	-	s	-	-	-	f	g	-
.	.	16	u	-	-	-	-	-	-	-	-

εἴσω	εἴσω	1	d	-	-	-	-	-	-	-	-
κομίζου	κομίζω	2	v	2	s	p	m	e	-	-	-
καὶ	καί	3	c	-	-	-	-	-	-	-	-
σύ	σύ	4	p	-	s	-	-	-	-	n	-
,	,	5	u	-	-	-	-	-	-	-	-
Κασάνδραν	Κασσάνδρα	6	n	-	s	-	-	-	f	a	-
λέγω	λέγω	7	v	1	s	p	i	a	-	-	-
,	,	8	u	-	-	-	-	-	-	-	-
ἐπεί	ἐπεί	9	c	-	-	-	-	-	-	-	-
σ'	σύ	10	p	-	s	-	-	-	-	a	-
ἔθηκε	τίθημι	11	v	3	s	a	i	a	-	-	-
Ζεὺς	Ζεύς	12	n	-	s	-	-	-	m	n	-
ἀμηνίτως	ἀμήνιτος	13	d	-	-	-	-	-	-	-	-
δόμοις	δόμος	14	n	-	p	-	-	-	m	d	-
κοινωνὸν	κοινωνός	15	n	-	s	-	-	-	f	a	-
εἶναι	εἰμί	16	v	-	-	p	n	a	-	-	-
χερνίβων	χέρνιψ	17	n	-	p	-	-	-	f	g	-
,	,	18	u	-	-	-	-	-	-	-	-
πολλῶν	πολύς	19	a	-	p	-	-	-	m	g	-
μέτα	μετά	20	r	-	-	-	-	-	-	-	-
δούλων	δοῦλος	21	n	-	p	-	-	-	m	g	-
σταθεῖσαν	ἵστημι	22	v	-	s	a	p	p	f	a	-
κτησίου	κτήσιος	23	a	-	s	-	-	-	m	g	-
βωμοῦ	βωμός	24	n	-	s	-	-	-	m	g	-
πέλας	πέλας	25	r	-	-	-	-	-	-	-	-
·	·	26	u	-	-	-	-	-	-	-	-

ἔκβαιν'	ἐκβαίνω	1	v	2	s	p	m	a	-	-	-
ἀπήνης	ἀπήνη	2	n	-	s	-	-	-	f	g	-
τῆσδε	ὅδε	3	p	-	s	-	-	-	f	g	-
,	,	4	u	-	-	-	-	-	-	-	-
μη	μηδέ	5	c	-	-	-	-	-	-	-	-
δ'	δέ	6	d	-	-	-	-	-	-	-	-
ὑπερφρόνει	ὑπερφρονέω	7	v	2	s	p	m	a	-	-	-
.	.	8	u	-	-	-	-	-	-	-	-

καὶ	καί	1	c	-	-	-	-	-	-	-	-
παῖδα	παῖς	2	n	-	s	-	-	-	m	a	-
γάρ	γάρ	3	d	-	-	-	-	-	-	-	-
τοί	τοι	4	d	-	-	-	-	-	-	-	-
φασιν	φημί	5	v	3	s	p	i	a	-	-	-
Ἀλκμήνης	Ἀλκμήνη	6	n	-	s	-	-	-	f	g	-
ποτὲ	ποτέ	7	d	-	-	-	-	-	-	-	-
πραθέντα	πιπράσκω	8	v	-	s	a	p	p	m	a	-
τλῆναι	τλάω	9	v	-	-	a	n	a	-	-	-
δουλίας	δούλιος	10	a	-	s	-	-	-	f	g	-
μάζης	μᾶζα	11	n	-	s	-	-	-	f	g	-
τυχεῖν	τυγχάνω	12	v	-	-	a	n	a	-	-	-
.	.	13	u	-	-	-	-	-	-	-	-

εἰ	εἰ	1	c	-	-	-	-	-	-	-	-
δ'	δέ	2	d	-	-	-	-	-	-	-	-
οὖν	οὖν	3	d	-	-	-	-	-	-	-	-
ἀνάγκη	ἀνάγκη	4	n	-	s	-	-	-	f	n	-
τῆσδ'	ὅδε	5	p	-	s	-	-	-	f	g	-
ἐπιρρέποι	ἐπιρρέπω	6	v	3	s	p	o	a	-	-	-
τύχης	τύχη	7	n	-	s	-	-	-	f	g	-
,	,	8	u	-	-	-	-	-	-	-	-
ἀρχαιοπλούτων	ἀρχαιόπλουτος	9	a	-	p	-	-	-	m	g	-
δεσποτῶν	δεσπότης	10	n	-	p	-	-	-	m	g	-
πολλὴ	πολύς	11	a	-	s	-	-	-	f	n	-
χάρις	χάρις	12	n	-	s	-	-	-	f	n	-
.	.	13	u	-	-	-	-	-	-	-	-

οἳ	ὅς	1	p	-	p	-	-	-	m	n	-
δ'	δέ	2	d	-	-	-	-	-	-	-	-
οὔποτ'	οὔποτε	3	d	-	-	-	-	-	-	-	-
ἐλπίσαντες	ἐλπίζω	4	v	-	p	a	p	a	m	n	-
ἤμησαν	ἀμάω	5	v	3	p	a	i	a	-	-	-
καλῶς	καλός	6	d	-	-	-	-	-	-	-	-
,	,	7	u	-	-	-	-	-	-	-	-
ὠμοί	ὠμός	8	a	-	p	-	-	-	m	n	-
τε	τε	9	c	-	-	-	-	-	-	-	-
δούλοις	δοῦλος	10	n	-	p	-	-	-	m	d	-
πάντα	πᾶς	11	p	-	p	-	-	-	n	a	-
καὶ	καί	12	c	-	-	-	-	-	-	-	-
παρὰ	παρά	13	r	-	-	-	-	-	-	-	-
στάθμην	στάθμη	14	n	-	s	-	-	-	f	a	-
.	.	15	u	-	-	-	-	-	-	-	-

ἔχεις	ἔχω	1	v	2	s	p	i	a	-	-	-
παρ'	παρά	2	r	-	-	-	-	-	-	-	-
ἡμῶν	ἐγώ	3	p	-	p	-	-	-	m	g	-
οἷά	οἷος	4	p	-	p	-	-	-	n	n	-
περ	πέρ	5	d	-	-	-	-	-	-	-	-
νομίζεται	νομίζω	6	v	3	s	p	i	e	-	-	-
.	.	7	u	-	-	-	-	-	-	-	-

σοί	σύ	1	p	-	s	-	-	-	-	d	-
τοι	τοι	2	d	-	-	-	-	-	-	-	-
λέγουσα	λέγω	3	v	-	s	p	p	a	f	n	-
παύεται	παύω	4	v	3	s	p	i	e	-	-	-
σαφῆ	σαφής	5	a	-	s	-	-	-	m	a	-
λόγον	λόγος	6	n	-	s	-	-	-	m	a	-
.	.	7	u	-	-	-	-	-	-	-	-

ἐντός	ἐντός	1	r	-	-	-	-	-	-	-	-
δ'	δέ	2	d	-	-	-	-	-	-	-	-
ἂν	ἄν1	3	d	-	-	-	-	-	-	-	-
οὖσα	εἰμί	4	v	-	s	p	p	a	f	n	-
μορσίμων	μόρσιμος	5	a	-	p	-	-	-	n	g	-
ἀγρευμάτων	ἄγρευμα	6	n	-	p	-	-	-	n	g	-
πείθοι'	πείθω	7	v	2	s	p	o	e	-	-	-
ἄν	ἄν1	8	d	-	-	-	-	-	-	-	-
,	,	9	u	-	-	-	-	-	-	-	-
εἰ	εἰ	10	c	-	-	-	-	-	-	-	-
πείθοι'	πείθω	11	v	2	s	p	o	e	-	-	-
·	·	12	u	-	-	-	-	-	-	-	-

ἀπειθοίης	ἀπειθέω	1	v	2	s	p	o	a	-	-	-
δ'	δέ	2	d	-	-	-	-	-	-	-	-
ἴσως	ἴσως	3	d	-	-	-	-	-	-	-	-
.	.	4	u	-	-	-	-	-	-	-	-

ἀλλ'	ἀλλά	1	d	-	-	-	-	-	-	-	-
εἴπερ	εἴπερ	2	c	-	-	-	-	-	-	-	-
ἐστι	εἰμί	3	v	3	s	p	i	a	-	-	-
μὴ	μή	4	c	-	-	-	-	-	-	-	-
χελιδόνος	χελιδών	5	n	-	s	-	-	-	f	g	-
δίκην	δίκη	6	n	-	s	-	-	-	f	a	-
ἀγνῶτα	ἀγνώς	7	n	-	s	-	-	-	f	a	-
φωνὴν	φωνή	8	n	-	s	-	-	-	f	a	-
βάρβαρον	βάρβαρος	9	a	-	s	-	-	-	f	a	-
κεκτημένη	κτέομαι	10	v	-	s	r	p	e	f	n	-
,	,	11	u	-	-	-	-	-	-	-	-
ἔσω	ἔσω	12	r	-	-	-	-	-	-	-	-
φρενῶν	φρήν	13	n	-	p	-	-	-	f	g	-
λέγουσα	λέγω	14	v	-	s	p	p	a	f	n	-
πείθω	πείθω	15	v	1	s	p	i	a	-	-	-
νιν	νιν	16	p	-	s	-	-	-	m	a	-
λόγῳ	λόγος	17	n	-	s	-	-	-	m	d	-
.	.	18	u	-	-	-	-	-	-	-	-

ἕπου	ἕπομαι	1	v	2	s	p	m	e	-	-	-
.	.	2	u	-	-	-	-	-	-	-	-

τὰ	ὁ	1	l	-	p	-	-	-	n	a	-
λῷστα	λωίων	2	a	-	p	-	-	-	n	a	-
τῶν	ὁ	3	l	-	p	-	-	-	n	g	-
παρεστώτων	παρίστημι	4	v	-	p	r	p	a	n	g	-
λέγει	λέγω	5	v	3	s	p	i	a	-	-	-
.	.	6	u	-	-	-	-	-	-	-	-

πιθοῦ	πείθω	1	v	2	s	a	m	m	-	-	-
λιποῦσα	λιπάω	2	v	-	s	p	p	a	f	n	-
τόνδ'	ὅδε	3	p	-	s	-	-	-	m	a	-
ἁμαξήρη	ἁμαξήρης	4	a	-	s	-	-	-	m	a	-
θρόνον	θρόνος	5	n	-	s	-	-	-	m	a	-
.	.	6	u	-	-	-	-	-	-	-	-

οὔτοι	οὔτοι	1	d	-	-	-	-	-	-	-	-
θυραίᾳ	θυραῖος	2	a	-	s	-	-	-	f	d	-
τῇδ'	τῇδε	3	d	-	-	-	-	-	-	-	-
ἐμοὶ	ἐγώ	4	p	-	s	-	-	-	f	d	-
σχολὴ	σχολή	5	n	-	s	-	-	-	f	n	-
πάρα	παρά	6	r	-	-	-	-	-	-	-	-
τρίβειν	τρίβω	7	v	-	-	p	n	a	-	-	-
·	·	8	u	-	-	-	-	-	-	-	-

τὰ	ὁ	1	l	-	p	-	-	-	n	n	-
μὲν	μέν	2	d	-	-	-	-	-	-	-	-
γὰρ	γάρ	3	d	-	-	-	-	-	-	-	-
ἑστίας	ἑστία	4	n	-	s	-	-	-	f	g	-
μεσομφάλου	μεσόμφαλος	5	a	-	s	-	-	-	f	g	-
ἕστηκεν	ἵστημι	6	v	3	s	r	i	a	-	-	-
ἤδη	ἤδη	7	d	-	-	-	-	-	-	-	-
μῆλα	μῆλον	8	n	-	p	-	-	-	n	n	-
πρὸς	πρός	9	r	-	-	-	-	-	-	-	-
σφαγὰς	σφαγή	10	n	-	p	-	-	-	f	a	-
πάρος	πάρος	11	r	-	-	-	-	-	-	-	-
,	,	12	u	-	-	-	-	-	-	-	-
ὡς	ὥς	13	c	-	-	-	-	-	-	-	-
οὔποτ'	οὔποτε	14	d	-	-	-	-	-	-	-	-
ἐλπίσασι	ἐλπίζω	15	v	-	p	a	p	a	m	d	-
τήνδ'	ὅδε	16	p	-	s	-	-	-	f	a	-
ἕξειν	ἔχω	17	v	-	-	f	n	a	-	-	-
χάριν	χάρις	18	n	-	s	-	-	-	f	a	-
.	.	19	u	-	-	-	-	-	-	-	-

σὺ	σύ	1	p	-	s	-	-	-	-	n	-
δ'	δέ	2	d	-	-	-	-	-	-	-	-
εἴ	εἰ	3	c	-	-	-	-	-	-	-	-
τι	τις	4	p	-	s	-	-	-	n	a	-
δράσεις	δράω	5	v	2	s	f	i	a	-	-	-
τῶνδε	ὅδε	6	p	-	p	-	-	-	n	g	-
,	,	7	u	-	-	-	-	-	-	-	-
μὴ	μή	8	c	-	-	-	-	-	-	-	-
σχολὴν	σχολή	9	n	-	s	-	-	-	f	a	-
τίθει	τίθημι	10	v	3	s	i	i	a	-	-	-
.	.	11	u	-	-	-	-	-	-	-	-

εἰ	εἰ	1	c	-	-	-	-	-	-	-	-
δ'	δέ	2	d	-	-	-	-	-	-	-	-
ἀξυνήμων	ἀσυνήμων	3	a	-	s	-	-	-	f	n	-
οὖσα	εἰμί	4	v	-	s	p	p	a	f	n	-
μὴ	μή	5	c	-	-	-	-	-	-	-	-
δέχῃ	δέχομαι	6	v	2	s	p	i	e	-	-	-
λόγον	λόγος	7	n	-	s	-	-	-	m	a	-
,	,	8	u	-	-	-	-	-	-	-	-
σὺ	σύ	9	p	-	s	-	-	-	-	n	-
δ'	δέ	10	d	-	-	-	-	-	-	-	-
ἀντὶ	ἀντί	11	r	-	-	-	-	-	-	-	-
φωνῆς	φωνή	12	n	-	s	-	-	-	f	g	-
φράζε	φράζω	13	v	2	s	p	m	a	-	-	-
καρβάνῳ	κάρβανος	14	a	-	s	-	-	-	f	d	-
χερί	χείρ	15	n	-	s	-	-	-	f	d	-
.	.	16	u	-	-	-	-	-	-	-	-

ἑρμηνέως	ἑρμηνεύς	1	n	-	s	-	-	-	m	g	-
ἔοικεν	ἔοικα	2	v	3	s	r	i	a	-	-	-
ἡ	ὁ	3	l	-	s	-	-	-	f	n	-
ξένη	ξένη	4	n	-	s	-	-	-	f	n	-
τοροῦ	τορός	5	a	-	s	-	-	-	m	g	-
δεῖσθαι	δέω	6	v	-	-	p	n	e	-	-	-
·	·	7	u	-	-	-	-	-	-	-	-

τρόπος	τρόπος	1	n	-	s	-	-	-	m	n	-
δὲ	δέ	2	d	-	-	-	-	-	-	-	-
θηρὸς	θήρ	3	n	-	s	-	-	-	m	g	-
ὡς	ὥς	4	r	-	-	-	-	-	-	-	-
νεαιρέτου	νεαίρετος	5	a	-	s	-	-	-	m	g	-
.	.	6	u	-	-	-	-	-	-	-	-

ἦ	ἦ	1	d	-	-	-	-	-	-	-	-
μαίνεταί	μαίνομαι	2	v	3	s	p	i	e	-	-	-
γε	γε	3	d	-	-	-	-	-	-	-	-
καὶ	καί	4	c	-	-	-	-	-	-	-	-
κακῶν	κακός	5	a	-	p	-	-	-	f	g	-
κλύει	κλύω	6	v	3	s	p	i	a	-	-	-
φρενῶν	φρήν	7	n	-	p	-	-	-	f	g	-
,	,	8	u	-	-	-	-	-	-	-	-
ἥτις	ὅστις	9	p	-	s	-	-	-	f	n	-
λιποῦσα	λιπάω	10	v	-	s	p	p	a	f	n	-
μὲν	μέν	11	d	-	-	-	-	-	-	-	-
πόλιν	πόλις	12	n	-	s	-	-	-	f	a	-
νεαίρετον	νεαίρετος	13	a	-	s	-	-	-	f	a	-
ἥκει	ἥκω	14	v	3	s	p	i	a	-	-	-
,	,	15	u	-	-	-	-	-	-	-	-
χαλινὸν	χαλινός	16	n	-	s	-	-	-	m	a	-
δ'	δέ	17	d	-	-	-	-	-	-	-	-
οὐκ	οὐ	18	d	-	-	-	-	-	-	-	-
ἐπίσταται	ἐπίσταμαι	19	v	3	s	p	i	e	-	-	-
φέρειν	φέρω	20	v	-	-	p	n	a	-	-	-
,	,	21	u	-	-	-	-	-	-	-	-
πρὶν	πρίν	22	c	-	-	-	-	-	-	-	-
αἱματηρὸν	αἱματηρός	23	a	-	s	-	-	-	n	a	-
ἐξαφρίζεσθαι	ἐξαφρίζω	24	v	-	-	p	n	e	-	-	-
μένος	μένος	25	n	-	s	-	-	-	n	a	-
.	.	26	u	-	-	-	-	-	-	-	-

οὐ	οὐ	1	d	-	-	-	-	-	-	-	-
μὴν	μήν	2	d	-	-	-	-	-	-	-	-
πλέω	πλείων	3	a	-	p	-	-	-	n	a	c
ῥίψασ'	ῥίπτω	4	v	-	s	a	p	a	f	n	-
ἀτιμασθήσομαι	ἀτιμάζω	5	v	1	s	f	i	p	-	-	-
.	.	6	u	-	-	-	-	-	-	-	-

ἐγὼ	ἐγώ	1	p	-	s	-	-	-	m	n	-
δ'	δέ	2	d	-	-	-	-	-	-	-	-
,	,	3	u	-	-	-	-	-	-	-	-
ἐποικτίρω	ἐποικτείρω	4	v	1	s	p	i	a	-	-	-
γάρ	γάρ	5	d	-	-	-	-	-	-	-	-
,	,	6	u	-	-	-	-	-	-	-	-
οὐ	οὐ	7	d	-	-	-	-	-	-	-	-
θυμώσομαι	θυμόω	8	v	1	s	f	i	m	-	-	-
.	.	9	u	-	-	-	-	-	-	-	-

ἴθ'	εἶμι	1	v	2	s	p	m	a	-	-	-
,	,	2	u	-	-	-	-	-	-	-	-
ὦ	ὦ	3	i	-	-	-	-	-	-	-	-
τάλαινα	τάλας	4	a	-	s	-	-	-	f	v	-
,	,	5	u	-	-	-	-	-	-	-	-
τόνδ'	ὅδε	6	p	-	s	-	-	-	m	a	-
ἐρημώσασ'	ἐρημόω	7	v	-	s	a	p	a	f	n	-
ὄχον	ὄχος	8	n	-	s	-	-	-	m	a	-
,	,	9	u	-	-	-	-	-	-	-	-
εἴκουσ'	εἴκω	10	v	-	s	p	p	a	f	n	-
ἀνάγκῃ	ἀνάγκη	11	n	-	s	-	-	-	f	d	-
τῇδε	ὅδε	12	p	-	s	-	-	-	f	d	-
καίνισον	καινίζω	13	v	2	s	a	m	a	-	-	-
ζυγόν	ζυγόν	14	n	-	s	-	-	-	n	a	-
.	.	15	u	-	-	-	-	-	-	-	-

ὀτοτοτοῖ	ὀτοτοῖ	1	i	-	-	-	-	-	-	-	-
πόποι	πόποι	2	i	-	-	-	-	-	-	-	-
δᾶ	δᾶ	3	i	-	-	-	-	-	-	-	-
.	.	4	u	-	-	-	-	-	-	-	-

Ὦπολλον	Ἀπόλλων	1	n	-	s	-	-	-	m	v	-
Ὦπολλον	Ἀπόλλων	2	n	-	s	-	-	-	m	v	-
.	.	3	u	-	-	-	-	-	-	-	-

τί	τίς	1	p	-	s	-	-	-	n	a	-
ταῦτ'	οὗτος	2	p	-	p	-	-	-	n	a	-
ἀνωτότυξας	ἀνοτοτύζω	3	v	2	s	a	i	a	-	-	-
ἀμφὶ	ἀμφί	4	r	-	-	-	-	-	-	-	-
Λοξίου	Λοξίας	5	n	-	s	-	-	-	m	g	-
;	;	6	u	-	-	-	-	-	-	-	-

οὐ	οὐ	1	d	-	-	-	-	-	-	-	-
γὰρ	γάρ	2	d	-	-	-	-	-	-	-	-
τοιοῦτος	τοιοῦτος	3	p	-	s	-	-	-	m	n	-
ὥστε	ὥστε	4	c	-	-	-	-	-	-	-	-
θρηνητοῦ	θρηνητής	5	n	-	s	-	-	-	m	g	-
τυχεῖν	τυγχάνω	6	v	-	-	a	n	a	-	-	-
.	.	7	u	-	-	-	-	-	-	-	-

ἡ	ὁ	1	p	-	s	-	-	-	f	n	-
δ'	δέ	2	d	-	-	-	-	-	-	-	-
αὖτε	αὖτε	3	d	-	-	-	-	-	-	-	-
δυσφημοῦσα	δυσφημέω	4	v	-	s	p	p	a	f	n	-
τὸν	ὁ	5	l	-	s	-	-	-	m	a	-
θεὸν	θεός	6	n	-	s	-	-	-	m	a	-
καλεῖ	καλέω	7	v	3	s	p	i	a	-	-	-
οὐδὲν	οὐδείς	8	p	-	s	-	-	-	n	a	-
προσήκοντ'	προσήκω	9	v	-	s	p	p	a	m	a	-
ἐν	ἐν	10	r	-	-	-	-	-	-	-	-
γόοις	γόος	11	n	-	p	-	-	-	m	d	-
παραστατεῖν	παραστατέω	12	v	-	-	p	n	a	-	-	-
.	.	13	u	-	-	-	-	-	-	-	-

Ἄπολλον	Ἀπόλλων	1	n	-	s	-	-	-	m	v	-
Ἄπολλον	Ἀπόλλων	2	n	-	s	-	-	-	m	v	-
ἀγυιᾶτ'	ἀγυιάτης	3	a	-	s	-	-	-	m	v	-
,	,	4	u	-	-	-	-	-	-	-	-
ἀπόλλων	Ἀπόλλων	5	n	-	s	-	-	-	m	n	-
ἐμός	ἐμός	6	p	-	s	-	-	-	m	n	-
.	.	7	u	-	-	-	-	-	-	-	-

ἀπώλεσας	ἀπόλλυμι	1	v	2	s	a	i	a	-	-	-
γὰρ	γάρ	2	d	-	-	-	-	-	-	-	-
οὐ	οὐ	3	d	-	-	-	-	-	-	-	-
μόλις	μόλις	4	d	-	-	-	-	-	-	-	-
τὸ	ὁ	5	l	-	s	-	-	-	n	a	-
δεύτερον	δεύτερος	6	a	-	s	-	-	-	n	a	-
.	.	7	u	-	-	-	-	-	-	-	-

χρήσειν	χράω	1	v	-	-	f	n	a	-	-	-
ἔοικεν	ἔοικα	2	v	3	s	r	i	a	-	-	-
ἀμφὶ	ἀμφί	3	r	-	-	-	-	-	-	-	-
τῶν	ὁ	4	l	-	p	-	-	-	n	g	-
αὑτῆς	ἑαυτοῦ	5	p	-	s	-	-	-	f	g	-
κακῶν	κακός	6	a	-	p	-	-	-	n	g	-
.	.	7	u	-	-	-	-	-	-	-	-

μένει	μένω	1	v	3	s	p	i	a	-	-	-
τὸ	ὁ	2	l	-	s	-	-	-	n	n	-
θεῖον	θεῖος	3	a	-	s	-	-	-	n	n	-
δουλίᾳ	δούλιος	4	a	-	s	-	-	-	f	d	-
περ	πέρ	5	d	-	-	-	-	-	-	-	-
ἐν	ἐν	6	r	-	-	-	-	-	-	-	-
φρενί	φρήν	7	a	-	s	-	-	-	f	d	-
.	.	8	u	-	-	-	-	-	-	-	-

ἆ	ἆ	1	i	-	-	-	-	-	-	-	-
ποῖ	ποῖ	2	d	-	-	-	-	-	-	-	-
ποτ'	ποτέ	3	d	-	-	-	-	-	-	-	-
ἤγαγές	ἄγω	4	v	2	s	a	i	a	-	-	-
με	ἐγώ	5	p	-	s	-	-	-	f	a	-
;	;	6	u	-	-	-	-	-	-	-	-

πρὸς	πρός	1	r	-	-	-	-	-	-	-	-
ποίαν	πόα	2	n	-	s	-	-	-	f	a	-
στέγην	στέγη	3	n	-	s	-	-	-	f	a	-
;	;	4	u	-	-	-	-	-	-	-	-

πρὸς	πρός	1	r	-	-	-	-	-	-	-	-
τὴν	ὁ	2	p	-	s	-	-	-	f	a	-
Ἀτρειδῶν	Ἀτρείδης	3	n	-	p	-	-	-	m	g	-
·	·	4	u	-	-	-	-	-	-	-	-

εἰ	εἰ	1	c	-	-	-	-	-	-	-	-
σὺ	σύ	2	p	-	s	-	-	-	f	n	-
μὴ	μή	3	d	-	-	-	-	-	-	-	-
τόδ'	ὅδε	4	p	-	s	-	-	-	n	a	-
ἐννοεῖς	ἐννοέω	5	v	2	s	p	i	a	-	-	-
,	,	6	u	-	-	-	-	-	-	-	-
ἐγὼ	ἐγώ	7	p	-	s	-	-	-	m	n	-
λέγω	λέγω	8	v	1	s	p	i	a	-	-	-
σοι	σύ	9	p	-	s	-	-	-	f	d	-
·	·	10	u	-	-	-	-	-	-	-	-

καὶ	καί	1	c	-	-	-	-	-	-	-	-
τάδ'	ὅδε	2	p	-	p	-	-	-	n	a	-
οὐκ	οὐ	3	d	-	-	-	-	-	-	-	-
ἐρεῖς	ἐρῶ	4	v	2	s	f	i	a	-	-	-
ψύθη	ψύθος	5	n	-	p	-	-	-	n	a	-
.	.	6	u	-	-	-	-	-	-	-	-

μισόθεον	μισόθεος	1	a	-	s	-	-	-	f	a	-
μὲν	μέν	2	d	-	-	-	-	-	-	-	-
οὖν	οὖν	3	d	-	-	-	-	-	-	-	-
,	,	4	u	-	-	-	-	-	-	-	-
πολλὰ	πολύς	5	a	-	p	-	-	-	n	a	-
συνίστορα	συνίστωρ	6	a	-	s	-	-	-	f	a	_
αὐτόφονα	αὐτοφόνος	7	a	-	p	-	-	-	n	a	-
κακὰ	κακός	8	a	-	p	-	-	-	n	a	-
καρατόμα	καρατόμος	9	a	-	p	-	-	-	n	a	-
,	,	10	u	-	-	-	-	-	-	-	-
ἀνδροσφαγεῖον	ἀνδροσφαγεῖον	11	n	-	s	-	-	-	n	a	-
καὶ	καί	12	c	-	-	-	-	-	-	-	-
πεδορραντήριον	πεδορραντήριον	13	n	-	s	-	-	-	n	a	-
.	.	14	u	-	-	-	-	-	-	-	-

ἔοικεν	ἔοικα	1	v	3	s	r	i	a	-	-	-
εὔρις	εὔρις	2	n	-	s	-	-	-	f	n	-
ἡ	ὁ	3	l	-	s	-	-	-	f	n	-
ξένη	ξένος	4	n	-	s	-	-	-	f	n	-
κυνὸς	κύων	5	n	-	s	-	-	-	m	g	-
δίκην	δίκη	6	n	-	s	-	-	-	f	a	-
εἶναι	εἰμί	7	v	-	-	p	n	a	-	-	-
,	,	8	u	-	-	-	-	-	-	-	-
ματεύει	ματεύω	9	v	3	s	p	i	a	-	-	-
δ'	δέ	10	d	-	-	-	-	-	-	-	-
ὧν	ὅς	11	p	-	p	-	-	-	m	g	-
ἀνευρήσει	ἀνευρίσκω	12	v	3	s	f	i	a	-	-	-
φόνον	φόνος	13	n	-	s	-	-	-	m	a	-
.	.	14	u	-	-	-	-	-	-	-	-

μαρτυρίοισι	μαρτύριον	1	n	-	p	-	-	-	n	d	-
γὰρ	γάρ	2	d	-	-	-	-	-	-	-	-
τοῖσδ'	ὅδε	3	p	-	p	-	-	-	n	d	-
ἐπιπείθομαι	ἐπιπείθομαι	4	v	1	s	p	i	e	-	-	-
·	·	5	u	-	-	-	-	-	-	-	-

κλαιόμενα	κλαίω	1	v	-	p	p	p	e	n	n	-
τάδε	ὅδε	2	p	-	p	-	-	-	n	n	-
βρέφη	βρέφος	3	n	-	p	-	-	-	n	n	-
σφαγάς	σφαγή	4	n	-	p	-	-	-	f	a	-
,	,	5	u	-	-	-	-	-	-	-	-
ὀπτάς	ὀπτός	6	a	-	p	-	-	-	f	a	-
τε	τε	7	c	-	-	-	-	-	-	-	-
σάρκας	σάρξ	8	n	-	p	-	-	-	f	a	-
πρὸς	πρός	9	r	-	-	-	-	-	-	-	-
πατρὸς	πατήρ	10	n	-	s	-	-	-	m	g	-
βεβρωμένας	βιβρώσκω	11	v	-	p	r	p	e	f	a	-
.	.	12	u	-	-	-	-	-	-	-	-

τὸ	ὁ	1	l	-	s	-	-	-	n	a	-
μὲν	μέν	2	d	-	-	-	-	-	-	-	-
κλέος	κλέος	3	n	-	s	-	-	-	n	a	-
σοῦ	σύ	4	p	-	s	-	-	-	f	g	-
μαντικὸν	μαντικός	5	a	-	s	-	-	-	n	a	-
πεπυσμένοι	πυνθάνομαι	6	v	-	p	r	p	e	m	n	-
ἦμεν	εἰμί	7	v	1	p	i	i	a	-	-	-
·	·	8	u	-	-	-	-	-	-	-	-

προφήτας	προφήτης	1	n	-	p	-	-	-	m	a	-
δ'	δέ	2	d	-	-	-	-	-	-	-	-
οὔτινας	οὔτις	3	a	-	p	-	-	-	m	a	-
ματεύομεν	ματεύω	4	v	1	p	p	i	a	-	-	-
.	.	5	u	-	-	-	-	-	-	-	-

ἰὼ	ἰώ	1	i	-	-	-	-	-	-	-	-
πόποι	πόποι	2	i	-	-	-	-	-	-	-	-
,	,	3	u	-	-	-	-	-	-	-	-
τί	τίς	4	p	-	s	-	-	-	n	a	-
ποτε	ποτέ	5	d	-	-	-	-	-	-	-	-
μήδεται	μήδομαι	6	v	3	s	p	i	e	-	-	-
;	;	7	u	-	-	-	-	-	-	-	-

τί	τίς	1	p	-	s	-	-	-	n	a	-
τόδε	ὅδε	2	p	-	s	-	-	-	n	a	-
νέον	νέος	3	a	-	s	-	-	-	n	a	-
ἄχος	ἄχος	4	n	-	s	-	-	-	n	a	-
μέγα	μέγας	5	a	-	s	-	-	-	n	a	-
μέγ'	μέγας	6	a	-	s	-	-	-	n	a	-
ἐν	ἐν	7	r	-	-	-	-	-	-	-	-
δόμοισι	δόμος	8	n	-	p	-	-	-	m	d	-
τοῖσδε	ὅδε	9	p	-	p	-	-	-	m	d	-
μήδεται	μήδομαι	10	v	3	s	p	i	e	-	-	-
κακὸν	κακός	11	a	-	s	-	-	-	n	a	-
ἄφερτον	ἄφερτος	12	a	-	s	-	-	-	n	a	-
φίλοισιν	φίλος	13	a	-	p	-	-	-	m	d	-
,	,	14	u	-	-	-	-	-	-	-	-
δυσίατον	δυσίατος	15	a	-	s	-	-	-	n	a	-
;	;	16	u	-	-	-	-	-	-	-	-

ἀλκὰ	ἀλκή	1	n	-	s	-	-	-	f	n	-
δ'	δέ	2	d	-	-	-	-	-	-	-	-
ἑκὰς	ἑκάς	3	d	-	-	-	-	-	-	-	-
ἀποστατεῖ	ἀποστατέω	4	v	3	s	p	i	a	-	-	-
.	.	5	u	-	-	-	-	-	-	-	-

τούτων	οὗτος	1	p	-	p	-	-	-	n	g	-
ἄιδρίς	ἄιδρις	2	n	-	s	-	-	-	m	n	-
εἰμι	εἰμί	3	v	1	s	p	i	a	-	-	-
τῶν	ὁ	4	l	-	p	-	-	-	n	g	-
μαντευμάτων	μάντευμα	5	n	-	p	-	-	-	n	g	-
.	.	6	u	-	-	-	-	-	-	-	-

ἐκεῖνα	ἐκεῖνος	1	p	-	p	-	-	-	n	a	-
δ'	δέ	2	d	-	-	-	-	-	-	-	-
ἔγνων	γιγνώσκω	3	v	1	s	a	i	a	-	-	-
·	·	4	u	-	-	-	-	-	-	-	-

πᾶσα	πᾶς	1	p	-	s	-	-	-	f	n	-
γὰρ	γάρ	2	d	-	-	-	-	-	-	-	-
πόλις	πόλις	3	n	-	s	-	-	-	f	n	-
βοᾷ	βοάω	4	v	3	s	p	i	a	-	-	-
.	.	5	u	-	-	-	-	-	-	-	-

ἰὼ	ἰώ	1	i	-	-	-	-	-	-	-	-
τάλαινα	τάλας	2	a	-	s	-	-	-	f	v	-
,	,	3	u	-	-	-	-	-	-	-	-
τόδε	ὅδε	4	p	-	s	-	-	-	n	a	-
γὰρ	γάρ	5	d	-	-	-	-	-	-	-	-
τελεῖς	τελέω	6	v	2	s	p	i	a	-	-	-
,	,	7	u	-	-	-	-	-	-	-	-
τὸν	ὁ	8	l	-	s	-	-	-	m	a	-
ὁμοδέμνιον	ὁμοδέμνιος	9	a	-	s	-	-	-	m	a	-
πόσιν	πόσις	10	n	-	s	-	-	-	m	a	-
λουτροῖσι	λουτρόν	11	n	-	p	-	-	-	n	d	-
φαιδρύνασα	φαιδρύνω	12	v	-	s	a	p	a	f	n	-
-	-	13	u	-	-	-	-	-	-	-	-
πῶς	πῶς	14	d	-	-	-	-	-	-	-	-
φράσω	φράζω	15	v	1	s	a	s	a	-	-	-
τέλος	τέλος	16	n	-	s	-	-	-	n	a	-
;	;	17	u	-	-	-	-	-	-	-	-

τάχος	τάχος	1	n	-	s	-	-	-	n	a	-
γὰρ	γάρ	2	d	-	-	-	-	-	-	-	-
τόδ'	ὅδε	3	p	-	s	-	-	-	n	n	-
ἔσται	εἰμί	4	v	3	s	f	i	m	-	-	-
·	·	5	u	-	-	-	-	-	-	-	-

προτείνει	προτείνω	1	v	3	s	p	i	a	-	-	-
δὲ	δέ	2	d	-	-	-	-	-	-	-	-
χεὶρ	χείρ	3	n	-	s	-	-	-	f	n	-
ἐκ	ἐκ	4	r	-	-	-	-	-	-	-	-
χερὸς	χείρ	5	n	-	s	-	-	-	f	g	-
ὀρέγματα	ὄρεγμα	6	n	-	p	-	-	-	n	a	-
.	.	7	u	-	-	-	-	-	-	-	-

οὔπω	οὔπω	1	d	-	-	-	-	-	-	-	-
ξυνῆκα	συνίημι	2	v	1	s	a	i	a	-	-	-
·	·	3	u	-	-	-	-	-	-	-	-

νῦν	νῦν	1	d	-	-	-	-	-	-	-	-
γὰρ	γάρ	2	d	-	-	-	-	-	-	-	-
ἐξ	ἐκ	3	r	-	-	-	-	-	-	-	-
αἰνιγμάτων	αἴνιγμα	4	n	-	p	-	-	-	n	g	-
ἐπαργέμοισι	ἐπάργεμος	5	a	-	p	-	-	-	n	d	-
θεσφάτοις	θέσφατος	6	a	-	p	-	-	-	n	d	-
ἀμηχανῶ	ἀμηχανέω	7	v	1	s	p	i	a	-	-	-
.	.	8	u	-	-	-	-	-	-	-	-

ἒ	ἒ	1	i	-	-	-	-	-	-	-	-
ἔ	ἒ	2	i	-	-	-	-	-	-	-	-
,	,	3	u	-	-	-	-	-	-	-	-
παπαῖ	παπαῖ	4	i	-	-	-	-	-	-	-	-
παπαῖ	παπαῖ	5	i	-	-	-	-	-	-	-	-
,	,	6	u	-	-	-	-	-	-	-	-
τί	τίς	7	p	-	s	-	-	-	n	n	-
τόδε	ὅδε	8	p	-	s	-	-	-	n	n	-
φαίνεται	φαίνω	9	v	3	s	p	i	e	-	-	-
;	;	10	u	-	-	-	-	-	-	-	-

ἦ	ἦ	1	d	-	-	-	-	-	-	-	-
δίκτυόν	δίκτυον	2	n	-	s	-	-	-	n	n	-
τί	τις	3	p	-	s	-	-	-	n	n	-
γ'	γε	4	d	-	-	-	-	-	-	-	-
Ἅιδου	ᾍδης	5	n	-	s	-	-	-	m	g	-
;	;	6	u	-	-	-	-	-	-	-	-

ἀλλ'	ἀλλά	1	d	-	-	-	-	-	-	-	-
ἄρκυς	ἄρκυς	2	n	-	s	-	-	-	f	n	-
ἡ	ὁ	3	l	-	s	-	-	-	f	n	-
ξύνευνος	σύνευνος	4	n	-	s	-	-	-	f	n	-
,	,	5	u	-	-	-	-	-	-	-	-
ἡ	ὁ	6	l	-	s	-	-	-	f	n	-
ξυναιτία	συναίτιος	7	a	-	s	-	-	-	f	n	-
φόνου	φόνος	8	n	-	s	-	-	-	m	g	-
.	.	9	u	-	-	-	-	-	-	-	-

στάσις	στάσις	1	n	-	s	-	-	-	f	n	-
δ'	δέ	2	d	-	-	-	-	-	-	-	-
ἀκόρετος	ἀκόρεστος	3	a	-	s	-	-	-	f	n	-
γένει	γένος	4	n	-	s	-	-	-	n	d	-
κατολολυξάτω	κατολολύζω	5	v	3	s	a	m	a	-	-	-
θύματος	θῦμα	6	n	-	s	-	-	-	n	g	-
λευσίμου	λεύσιμος	7	a	-	s	-	-	-	n	g	-
.	.	8	u	-	-	-	-	-	-	-	-

ποίαν	πόα	1	n	-	s	-	-	-	f	a	-
Ἐρινὺν	Ἐρινύς	2	n	-	s	-	-	-	f	a	-
τήνδε	ὅδε	3	p	-	s	-	-	-	f	a	-
δώμασιν	δῶμα	4	n	-	p	-	-	-	n	d	-
κέλῃ	κέλομαι	5	v	2	s	p	i	e	-	-	-
ἐπορθιάζειν	ἐπορθιάζω	6	v	-	-	p	n	a	-	-	-
;	;	7	u	-	-	-	-	-	-	-	-

οὔ	οὐ	1	d	-	-	-	-	-	-	-	-
με	ἐγώ	2	p	-	s	-	-	-	m	a	-
φαιδρύνει	φαιδρύνω	3	v	3	s	p	i	a	-	-	-
λόγος	λόγος	4	n	-	s	-	-	-	m	n	-
.	.	5	u	-	-	-	-	-	-	-	-

ἐπὶ	ἐπί	1	r	-	-	-	-	-	-	-	-
δὲ	δέ	2	d	-	-	-	-	-	-	-	-
καρδίαν	καρδία	3	n	-	s	-	-	-	f	a	-
ἔδραμε	τρέχω	4	v	3	s	a	i	a	-	-	-
κροκοβαφὴς	κροκοβαφής	5	a	-	s	-	-	-	f	n	-
σταγών	σταγών	6	n	-	s	-	-	-	f	n	-
,	,	7	u	-	-	-	-	-	-	-	-
ἅτε	ὅστε	8	p	-	s	-	-	-	f	n	-
καιρία	καιρία	9	n	-	s	-	-	-	f	n	-
πτώσιμος	πτώσιμος	10	a	-	s	-	-	-	f	n	-
ξυνανύτει	συνανύτω	11	v	3	s	p	i	a	-	-	-
βίου	βίος	12	n	-	s	-	-	-	m	g	-
δύντος	δύω	13	v	-	s	a	p	a	m	g	-
αὐγαῖς	αὐγή	14	n	-	p	-	-	-	f	d	-
·	·	15	u	-	-	-	-	-	-	-	-

ταχεῖα	ταχύς	1	a	-	s	-	-	-	f	n	-
δ'	δέ	2	d	-	-	-	-	-	-	-	-
ἄτα	ἄτη	3	n	-	s	-	-	-	f	n	-
πέλει	πέλω	4	v	3	s	p	i	a	-	-	-
.	.	5	u	-	-	-	-	-	-	-	-

ἆ	ἆ	1	i	-	-	-	-	-	-	-	-
ἆ	ἆ	2	i	-	-	-	-	-	-	-	-
,	,	3	u	-	-	-	-	-	-	-	-
ἰδοὺ	ἰδού	4	d	-	-	-	-	-	-	-	-
ἰδού	ἰδού	5	d	-	-	-	-	-	-	-	-
·	·	6	u	-	-	-	-	-	-	-	-

ἄπεχε	ἀπέχω	1	v	2	s	p	m	a	-	-	-
τῆς	ὁ	2	l	-	s	-	-	-	f	g	-
βοὸς	βοῦς	3	n	-	s	-	-	-	f	g	-
τὸν	ὁ	4	l	-	s	-	-	-	m	a	-
ταῦρον	ταῦρος	5	n	-	s	-	-	-	m	a	-
·	·	6	u	-	-	-	-	-	-	-	-

ἐν	ἐν	1	r	-	-	-	-	-	-	-	-
πέπλοισι	πέπλος	2	n	-	p	-	-	-	n	d	-
μελαγκέρῳ	μελάγκερος	3	a	-	s	-	-	-	n	d	-
λαβοῦσα	λαμβάνω	4	v	-	s	a	p	a	f	n	-
μηχανήματι	μηχάνημα	5	n	-	s	-	-	-	n	d	-
τύπτει	τύπτω	6	v	3	s	p	i	a	-	-	-
·	·	7	u	-	-	-	-	-	-	-	-

πίτνει	πίπτω	1	v	3	s	p	i	a	-	-	-
δ'	δέ	2	d	-	-	-	-	-	-	-	-
ἐν	ἐν	3	r	-	-	-	-	-	-	-	-
ἐνύδρῳ	ἔνυδρος	4	a	-	s	-	-	-	n	d	-
τεύχει	τεῦχος	5	n	-	s	-	-	-	n	d	-
.	.	6	u	-	-	-	-	-	-	-	-

δολοφόνου	δολοφόνος	1	a	-	s	-	-	-	m	g	-
λέβητος	λέβης	2	n	-	s	-	-	-	m	g	-
τύχαν	τύχη	3	n	-	s	-	-	-	f	a	-
σοι	σύ	4	p	-	s	-	-	-	m	d	-
λέγω	λέγω	5	v	1	s	p	i	a	-	-	-
.	.	6	u	-	-	-	-	-	-	-	-

οὐ	οὐ	1	d	-	-	-	-	-	-	-	-
κομπάσαιμ'	κομπάζω	2	v	1	s	a	o	a	-	-	-
ἂν	ἄν1	3	d	-	-	-	-	-	-	-	-
θεσφάτων	θέσφατος	4	a	-	p	-	-	-	n	g	-
γνώμων	γνώμων	5	n	-	s	-	-	-	m	n	-
ἄκρος	ἄκρος	6	a	-	s	-	-	-	m	n	-
εἶναι	εἰμί	7	v	-	-	p	n	a	-	-	-
,	,	8	u	-	-	-	-	-	-	-	-
κακῷ	κακός	9	a	-	s	-	-	-	n	d	-
δέ	δέ	10	d	-	-	-	-	-	-	-	-
τῳ	τις	11	p	-	s	-	-	-	n	d	-
προσεικάζω	προσεικάζω	12	v	1	s	p	i	a	-	-	-
τάδε	ὅδε	13	p	-	p	-	-	-	n	a	-
.	.	14	u	-	-	-	-	-	-	-	-

ἀπὸ	ἀπό	1	r	-	-	-	-	-	-	-	-
δὲ	δέ	2	d	-	-	-	-	-	-	-	-
θεσφάτων	θέσφατος	3	a	-	p	-	-	-	n	g	-
τίς	τίς	4	p	-	s	-	-	-	f	n	-
ἀγαθὰ	ἀγαθός	5	a	-	s	-	-	-	f	n	-
φάτις	φάτις	6	n	-	s	-	-	-	f	n	-
βροτοῖς	βροτός	7	n	-	p	-	-	-	m	d	-
τέλλεται	τέλλω	8	v	3	s	p	i	e	-	-	-
;	;	9	u	-	-	-	-	-	-	-	-

κακῶν	κακός	1	a	-	p	-	-	-	n	g	-
γὰρ	γάρ	2	d	-	-	-	-	-	-	-	-
διαὶ	διά	3	r	-	-	-	-	-	-	-	-
πολυεπεῖς	πολυεπής	4	a	-	p	-	-	-	f	n	-
τέχναι	τέχνη	5	n	-	p	-	-	-	f	n	-
θεσπιῳδὸν	θεσπιῳδός	6	a	-	s	-	-	-	m	a	-
φόβον	φόβος	7	n	-	s	-	-	-	m	a	-
φέρουσιν	φέρω	8	v	3	p	p	i	a	-	-	-
μαθεῖν	μανθάνω	9	v	-	-	a	n	a	-	-	-
.	.	10	u	-	-	-	-	-	-	-	-

ἰὼ	ἰώ	1	i	-	-	-	-	-	-	-	-
ἰὼ	ἰώ	2	i	-	-	-	-	-	-	-	-
ταλαίνας	τάλας	3	a	-	s	-	-	-	f	g	-
κακόποτμοι	κακόποτμος	4	a	-	p	-	-	-	f	n	-
τύχαι	τύχη	5	n	-	p	-	-	-	f	n	-
·	·	6	u	-	-	-	-	-	-	-	-

τὸ	ὁ	1	l	-	s	-	-	-	n	a	-
γὰρ	γάρ	2	d	-	-	-	-	-	-	-	-
ἐμὸν	ἐμός	3	p	-	s	-	-	-	n	a	-
θροῶ	θροέω	4	v	1	s	p	i	a	-	-	-
πάθος	πάθος	5	n	-	s	-	-	-	n	a	-
ἐπεγχύδαν	ἐπεγχύδην	6	d	-	-	-	-	-	-	-	-
.	.	7	u	-	-	-	-	-	-	-	-

ποῖ	ποῖ	1	d	-	-	-	-	-	-	-	-
δή	δή	2	d	-	-	-	-	-	-	-	-
με	ἐγώ	3	p	-	s	-	-	-	m	a	-
δεῦρο	δεῦρο	4	d	-	-	-	-	-	-	-	-
τὴν	ὁ	5	l	-	s	-	-	-	f	a	-
τάλαιναν	τάλας	6	a	-	s	-	-	-	f	a	-
ἤγαγες	ἄγω	7	v	2	s	a	i	a	-	-	-
;	;	8	u	-	-	-	-	-	-	-	-

οὐδέν	οὐδείς	1	p	-	s	-	-	-	n	a	-
ποτ'	ποτέ	2	d	-	-	-	-	-	-	-	-
εἰ	εἰ	3	c	-	-	-	-	-	-	-	-
μὴ	μή	4	d	-	-	-	-	-	-	-	-
ξυνθανουμένην	συνθνήσκω	5	v	-	s	f	p	m	f	a	-
.	.	6	u	-	-	-	-	-	-	-	-

φρενομανής	φρενομανής	1	a	-	s	-	-	-	f	n	-
τις	τις	2	p	-	s	-	-	-	f	n	-
εἶ	εἶμι	3	v	2	s	p	i	a	-	-	-
θεοφόρητος	θεοφόρητος	4	a	-	s	-	-	-	f	n	-
,	,	5	u	-	-	-	-	-	-	-	-
ἀμφὶ	ἀμφί	6	r	-	-	-	-	-	-	-	-
δ'	δέ	7	d	-	-	-	-	-	-	-	-
αὑτᾶς	ἑαυτοῦ	8	p	-	s	-	-	-	f	g	-
θροεῖς	θροέω	9	v	2	s	p	i	a	-	-	-
νόμον	νόμος	10	n	-	s	-	-	-	m	a	-
ἄνομον	ἄνομος	11	a	-	s	-	-	-	m	a	-
,	,	12	u	-	-	-	-	-	-	-	-
οἷά	οἷος	13	p	-	p	-	-	-	n	a	-
τις	τις	14	p	-	s	-	-	-	f	n	-
ξουθὰ	ξουθός	15	a	-	s	-	-	-	f	n	-
ἀκόρετος	ἀκόρεστος	16	a	-	s	-	-	-	f	n	-
βοᾶς	βοή	17	n	-	s	-	-	-	f	g	-
,	,	18	u	-	-	-	-	-	-	-	-
φεῦ	φεῦ	19	i	-	-	-	-	-	-	-	-
,	,	20	u	-	-	-	-	-	-	-	-
ταλαίναις	τάλας	21	a	-	p	-	-	-	f	d	-
φρεσίν	φρήν	22	n	-	p	-	-	-	f	d	-
Ἴτυν	 ̓́ἴτυς	23	n	-	s	-	-	-	m	a	-
Ἴτυν	 ̓́ἴτυς	24	n	-	s	-	-	-	m	a	-
στένουσ'	στένω	25	v	-	s	p	p	a	f	n	-
ἀμφιθαλῆ	ἀμφιθαλής	26	a	-	s	-	-	-	m	a	-
κακοῖς	κακός	27	a	-	p	-	-	-	n	d	-
ἀηδὼν	ἀηδών	28	n	-	s	-	-	-	f	n	-
βίον	βίος	29	n	-	s	-	-	-	m	a	-
.	.	30	u	-	-	-	-	-	-	-	-

ἰὼ	ἰώ	1	i	-	-	-	-	-	-	-	-
ἰὼ	ἰώ	2	i	-	-	-	-	-	-	-	-
λιγείας	λιγύς	3	a	-	s	-	-	-	f	g	-
μόρον	μόρος	4	n	-	s	-	-	-	m	a	-
ἀηδόνος	ἀηδών	5	n	-	s	-	-	-	f	g	-
·	·	6	u	-	-	-	-	-	-	-	-

περέβαλον	περιβάλλω	1	v	3	p	a	i	a	-	-	-
γάρ	γάρ	2	d	-	-	-	-	-	-	-	-
οἱ	ἕ	3	p	-	s	-	-	-	f	d	-
πτεροφόρον	πτεροφόρος	4	a	-	s	-	-	-	n	a	-
δέμας	δέμας	5	n	-	s	-	-	-	n	a	-
θεοὶ	θεός	6	n	-	p	-	-	-	m	n	-
γλυκύν	γλυκύς	7	a	-	s	-	-	-	m	a	-
τ'	τε	8	c	-	-	-	-	-	-	-	-
αἰῶνα	αἰών	9	n	-	s	-	-	-	m	a	-
κλαυμάτων	κλαῦμα	10	n	-	p	-	-	-	n	g	-
ἄτερ	ἄτερ	11	r	-	-	-	-	-	-	-	-
·	·	12	u	-	-	-	-	-	-	-	-

ἐμοὶ	ἐγώ	1	p	-	s	-	-	-	f	d	-
δὲ	δέ	2	d	-	-	-	-	-	-	-	-
μίμνει	μίμνω	3	v	3	s	p	i	a	-	-	-
σχισμὸς	σχισμός	4	n	-	s	-	-	-	m	n	-
ἀμφήκει	ἀμφήκης	5	a	-	s	-	-	-	n	d	-
δορί	δόρυ	6	n	-	s	-	-	-	n	d	-
.	.	7	u	-	-	-	-	-	-	-	-

πόθεν	πόθεν	1	d	-	-	-	-	-	-	-	-
ἐπισσύτους	ἐπίσσυτος	2	a	-	p	-	-	-	f	a	-
θεοφόρους	θεόφορος	3	a	-	p	-	-	-	f	a	-
[τ̓]	[τ̓]	4	p	-	s	-	-	-	-	a	-
ἔχεις	ἔχω	5	v	2	s	p	i	a	-	-	-
ματαίους	μάταιος	6	a	-	p	-	-	-	f	a	-
δύας	δύη	7	n	-	p	-	-	-	f	a	-
,	,	8	u	-	-	-	-	-	-	-	-
τὰ	ὁ	9	l	-	p	-	-	-	n	a	-
δ'	δέ	10	d	-	-	-	-	-	-	-	-
ἐπίφοβα	ἐπίφοβος	11	a	-	p	-	-	-	n	a	-
δυσφάτῳ	δύσφατος	12	a	-	s	-	-	-	f	d	-
κλαγγᾷ	κλαγγή	13	n	-	s	-	-	-	f	d	-
μελοτυπεῖς	μελοτυπέω	14	v	2	s	p	i	a	-	-	-
ὁμοῦ	ὁμοῦ	15	d	-	-	-	-	-	-	-	-
τ'	τε	16	c	-	-	-	-	-	-	-	-
ὀρθίοις	ὄρθιος	17	a	-	p	-	-	-	m	d	-
ἐν	ἐν	18	r	-	-	-	-	-	-	-	-
νόμοις	νόμος	19	n	-	p	-	-	-	m	d	-
;	;	20	u	-	-	-	-	-	-	-	-

πόθεν	πόθεν	1	d	-	-	-	-	-	-	-	-
ὅρους	ὅρος	2	n	-	p	-	-	-	m	a	-
ἔχεις	ἔχω	3	v	2	s	p	i	a	-	-	-
θεσπεσίας	θεσπέσιος	4	a	-	s	-	-	-	f	g	-
ὁδοῦ	ὁδός	5	n	-	s	-	-	-	f	g	-
κακορρήμονας	κακορρήμων	6	a	-	p	-	-	-	m	a	-
;	;	7	u	-	-	-	-	-	-	-	-

ἰὼ	ἰώ	1	i	-	-	-	-	-	-	-	-
γάμοι	γάμος	2	n	-	p	-	-	-	m	n	-
γάμοι	γάμος	3	n	-	p	-	-	-	m	n	-
Πάριδος	Πάρις	4	n	-	s	-	-	-	m	g	-
ὀλέθριοι	ὀλέθριος	5	a	-	p	-	-	-	m	n	-
φίλων	φίλος	6	a	-	p	-	-	-	m	g	-
.	.	7	u	-	-	-	-	-	-	-	-

ἰὼ	ἰώ	1	i	-	-	-	-	-	-	-	-
Σκαμάνδρου	Σκάμανδρος	2	n	-	s	-	-	-	m	g	-
πάτριον	πάτριος	3	a	-	s	-	-	-	m	a	-
ποτόν	ποτός	4	a	-	s	-	-	-	m	a	-
.	.	5	u	-	-	-	-	-	-	-	-

τότε	τότε	1	d	-	-	-	-	-	-	-	-
μὲν	μέν	2	d	-	-	-	-	-	-	-	-
ἀμφὶ	ἀμφί	3	r	-	-	-	-	-	-	-	-
σὰς	σός	4	p	-	p	-	-	-	f	a	-
ἀϊόνας	ἠιών	5	n	-	p	-	-	-	f	a	-
τάλαιν'	τάλας	6	a	-	s	-	-	-	f	n	-
ἠνυτόμαν	ἀνύω	7	v	1	s	i	i	e	-	-	-
τροφαῖς	τροφή	8	n	-	p	-	-	-	f	d	-
·	·	9	u	-	-	-	-	-	-	-	-

νῦν	νῦν	1	d	-	-	-	-	-	-	-	-
δ'	δέ	2	d	-	-	-	-	-	-	-	-
ἀμφὶ	ἀμφί	3	r	-	-	-	-	-	-	-	-
Κωκυτόν	Κωκυτός	4	n	-	s	-	-	-	m	a	-
τε	τε	5	c	-	-	-	-	-	-	-	-
κ	καί	6	c	-	-	-	-	-	-	-	-
ἀχερουσίους	Ἀχερούσιος	7	a	-	p	-	-	-	f	a	-
ὄχθας	ὄχθη	8	n	-	p	-	-	-	f	a	-
ἔοικα	ἔοικα	9	v	1	s	r	i	a	-	-	-
θεσπιῳδήσειν	θεσπιῳδέω	10	v	-	-	f	n	a	-	-	-
τάχα	τάχα	11	d	-	-	-	-	-	-	-	-
.	.	12	u	-	-	-	-	-	-	-	-

τί	τίς	1	p	-	s	-	-	-	n	a	-
τόδε	ὅδε	2	p	-	s	-	-	-	n	a	-
τορὸν	τορός	3	a	-	s	-	-	-	n	a	-
ἄγαν	ἄγαν	4	d	-	-	-	-	-	-	-	-
ἔπος	ἔπος	5	n	-	s	-	-	-	n	a	-
ἐφημίσω	φημίζω	6	v	2	s	a	i	m	-	-	-
;	;	7	u	-	-	-	-	-	-	-	-

νεόγονος	νεόγονος	1	a	-	s	-	-	-	m	n	-
ἂν	ἄν1	2	d	-	-	-	-	-	-	-	-
ἀΐων	ἀίω	3	v	-	s	p	p	a	m	n	-
μάθοι	μανθάνω	4	v	3	s	a	o	a	-	-	-
.	.	5	u	-	-	-	-	-	-	-	-

πέπληγμαι	πλήσσω	1	v	1	s	r	i	e	-	-	-
δ'	δέ	2	d	-	-	-	-	-	-	-	-
ὑπαὶ	ὑπό	3	r	-	-	-	-	-	-	-	-
δάκει	δάκος	4	n	-	s	-	-	-	n	d	-
φοινίῳ	φοίνιος	5	a	-	s	-	-	-	n	d	-
δυσαλγεῖ	δυσαλγής	6	a	-	s	-	-	-	f	d	-
τύχᾳ	τύχη	7	n	-	s	-	-	-	f	d	-
μινυρὰ	μινυρός	8	a	-	p	-	-	-	n	a	-
[κακὰ]	[κακὰ]	9	a	-	p	-	-	-	n	a	-
θρεομένας	θρέομαι	10	v	-	s	p	p	e	f	g	-
,	,	11	u	-	-	-	-	-	-	-	-
θραύματ'	θραῦμα	12	n	-	p	-	-	-	n	a	-
ἐμοὶ	ἐγώ	13	p	-	s	-	-	-	m	d	-
κλύειν	κλύω	14	v	-	-	p	n	a	-	-	-
.	.	15	u	-	-	-	-	-	-	-	-

ἰὼ	ἰώ	1	i	-	-	-	-	-	-	-	-
πόνοι	πόνος	2	n	-	p	-	-	-	m	n	-
πόνοι	πόνος	3	n	-	p	-	-	-	m	n	-
πόλεος	πόλις	4	n	-	s	-	-	-	f	g	-
ὀλομένας	ὄλλυμι	5	v	-	s	a	p	m	f	g	-
τὸ	ὁ	6	l	-	s	-	-	-	n	a	-
πᾶν	πᾶς	7	p	-	s	-	-	-	n	a	-
.	.	8	u	-	-	-	-	-	-	-	-

ἰὼ	ἰώ	1	i	-	-	-	-	-	-	-	-
πρόπυργοι	πρόπυργος	2	a	-	p	-	-	-	f	n	-
θυσίαι	θυσία	3	n	-	p	-	-	-	f	n	-
πατρὸς	πατήρ	4	n	-	s	-	-	-	m	g	-
πολυκανεῖς	πολυκανής	5	a	-	p	-	-	-	f	n	-
βοτῶν	βοτόν	6	n	-	p	-	-	-	n	g	-
ποιονόμων	ποιονόμος	7	a	-	p	-	-	-	n	g	-
·	·	8	u	-	-	-	-	-	-	-	-

ἄκος	ἄκος	1	n	-	s	-	-	-	n	a	-
δ'	δέ	2	d	-	-	-	-	-	-	-	-
οὐδὲν	οὐδείς	3	p	-	s	-	-	-	n	a	-
ἐπήρκεσαν	ἐπαρκέω	4	v	3	p	a	i	a	-	-	-
τὸ	ὁ	5	l	-	s	-	-	-	n	a	-
μὴ	μή	6	d	-	-	-	-	-	-	-	-
πόλιν	πόλις	7	n	-	s	-	-	-	f	a	-
μὲν	μέν	8	d	-	-	-	-	-	-	-	-
ὥσπερ	ὥσπερ	9	c	-	-	-	-	-	-	-	-
οὖν	οὖν	10	d	-	-	-	-	-	-	-	-
ἔχει	ἔχω	11	v	3	s	p	i	a	-	-	-
παθεῖν	πάσχω	12	v	-	-	a	n	a	-	-	-
.	.	13	u	-	-	-	-	-	-	-	-

ἐγὼ	ἐγώ	1	p	-	s	-	-	-	m	n	-
δὲ	δέ	2	d	-	-	-	-	-	-	-	-
θερμόνους	θερμόνους	3	a	-	p	-	-	-	f	n	-
τάχ'	τάχα	4	d	-	-	-	-	-	-	-	-
ἐν	ἐν	5	r	-	-	-	-	-	-	-	-
πέδῳ	πέδον	6	n	-	s	-	-	-	n	d	-
βαλῶ	βάλλω	7	v	1	s	f	i	a	-	-	-
.	.	8	u	-	-	-	-	-	-	-	-

ἑπόμενα	ἕπομαι	1	v	-	p	p	p	e	n	a	-
προτέροισι	πρότερος	2	a	-	p	-	-	-	n	d	-
τάδ'	ὅδε	3	p	-	p	-	-	-	n	a	-
ἐφημίσω	φημίζω	4	v	2	s	a	i	m	-	-	-
.	.	5	u	-	-	-	-	-	-	-	-

καί	καί	1	c	-	-	-	-	-	-	-	-
τίς	τίς	2	p	-	s	-	-	-	m	n	-
σε	σύ	3	p	-	s	-	-	-	-	a	-
κακοφρονῶν	κακοφρονέω	4	v	-	s	p	p	a	m	n	-
τίθησι	τίθημι	5	v	3	s	p	i	a	-	-	-
δαίμων	δαίμων	6	n	-	s	-	-	-	m	n	-
ὑπερβαρὴς	ὑπερβαρής	7	a	-	s	-	-	-	m	n	-
ἐμπίτνων	ἐμπίπτω	8	v	-	s	p	p	a	m	n	-
μελίζειν	μελίζω	9	v	-	-	p	n	a	-	-	-
πάθη	πάθος	10	n	-	p	-	-	-	n	a	-
γοερὰ	γοερός	11	a	-	p	-	-	-	n	a	-
θανατοφόρα	θανατοφόρος	12	a	-	p	-	-	-	n	a	-
.	.	13	u	-	-	-	-	-	-	-	-

τέρμα	τέρμα	1	n	-	s	-	-	-	n	a	-
δ'	δέ	2	d	-	-	-	-	-	-	-	-
ἀμηχανῶ	ἀμηχανέω	3	v	1	s	p	i	a	-	-	-
.	.	4	u	-	-	-	-	-	-	-	-

καὶ	καί	1	c	-	-	-	-	-	-	-	-
μὴν	μήν	2	d	-	-	-	-	-	-	-	-
ὁ	ὁ	3	l	-	s	-	-	-	m	n	-
χρησμὸς	χρησμός	4	n	-	s	-	-	-	m	n	-
οὐκέτ'	οὐκέτι	5	d	-	-	-	-	-	-	-	-
ἐκ	ἐκ	6	r	-	-	-	-	-	-	-	-
καλυμμάτων	κάλυμμα	7	n	-	p	-	-	-	n	g	-
ἔσται	εἰμί	8	v	3	s	f	i	m	-	-	-
δεδορκὼς	δέρκομαι	9	v	-	s	r	p	a	m	n	-
νεογάμου	νεόγαμος	10	a	-	s	-	-	-	f	g	-
νύμφης	νύμφη	11	n	-	s	-	-	-	f	g	-
δίκην	δίκη	12	n	-	s	-	-	-	f	a	-
·	·	13	u	-	-	-	-	-	-	-	-

λαμπρὸς	λαμπρός	1	a	-	s	-	-	-	m	n	-
δ'	δέ	2	d	-	-	-	-	-	-	-	-
ἔοικεν	ἔοικα	3	v	3	s	r	i	a	-	-	-
ἡλίου	ἥλιος	4	n	-	s	-	-	-	m	g	-
πρὸς	πρός	5	r	-	-	-	-	-	-	-	-
ἀντολὰς	ἀνατολή	6	n	-	p	-	-	-	f	a	-
πνέων	πνέω	7	v	-	s	p	p	a	m	n	-
ἐσᾴξειν	εἰσαίσσω	8	v	-	-	f	n	a	-	-	-
,	,	9	u	-	-	-	-	-	-	-	-
ὥστε	ὥστε	10	c	-	-	-	-	-	-	-	-
κύματος	κῦμα	11	n	-	s	-	-	-	n	g	-
δίκην	δίκη	12	n	-	s	-	-	-	f	a	-
κλύζειν	κλύζω	13	v	-	-	p	n	a	-	-	-
πρὸς	πρός	14	r	-	-	-	-	-	-	-	-
αὐγὰς	αὐγή	15	n	-	p	-	-	-	f	a	-
τοῦδε	ὅδε	16	p	-	s	-	-	-	n	g	-
πήματος	πῆμα	17	n	-	s	-	-	-	n	g	-
πολὺ	πολύς	18	a	-	s	-	-	-	n	a	-
μεῖζον	μέγας	19	a	-	s	-	-	-	n	n	c
·	·	20	u	-	-	-	-	-	-	-	-

φρενώσω	φρενόω	1	v	1	s	f	i	a	-	-	-
δ'	δέ	2	d	-	-	-	-	-	-	-	-
οὐκέτ'	οὐκέτι	3	d	-	-	-	-	-	-	-	-
ἐξ	ἐκ	4	r	-	-	-	-	-	-	-	-
αἰνιγμάτων	αἴνιγμα	5	n	-	p	-	-	-	n	g	-
.	.	6	u	-	-	-	-	-	-	-	-

καὶ	καί	1	c	-	-	-	-	-	-	-	-
μαρτυρεῖτε	μαρτυρέω	2	v	2	p	p	m	a	-	-	-
συνδρόμως	σύνδρομος	3	d	-	-	-	-	-	-	-	-
ἴχνος	ἴχνος	4	n	-	s	-	-	-	n	a	-
κακῶν	κακός	5	a	-	p	-	-	-	n	g	-
ῥινηλατούσῃ	ῥινηλατέω	6	v	-	s	p	p	a	f	d	-
τῶν	ὁ	7	l	-	p	-	-	-	n	g	-
πάλαι	πάλαι	8	d	-	-	-	-	-	-	-	-
πεπραγμένων	πράσσω	9	v	-	p	r	p	e	n	g	-
.	.	10	u	-	-	-	-	-	-	-	-

τὴν	ὁ	1	l	-	s	-	-	-	f	a	-
γὰρ	γάρ	2	d	-	-	-	-	-	-	-	-
στέγην	στέγη	3	n	-	s	-	-	-	f	a	-
τήνδ'	ὅδε	4	p	-	s	-	-	-	f	a	-
οὔποτ'	οὔποτε	5	d	-	-	-	-	-	-	-	-
ἐκλείπει	ἐκλείπω	6	v	3	s	p	i	a	-	-	-
χορὸς	χορός	7	n	-	s	-	-	-	m	n	-
ξύμφθογγος	σύμφθογγος	8	a	-	s	-	-	-	m	n	-
οὐκ	οὐ	9	d	-	-	-	-	-	-	-	-
εὔφωνος	εὔφωνος	10	a	-	s	-	-	-	m	n	-
·	·	11	u	-	-	-	-	-	-	-	-

οὐ	οὐ	1	d	-	-	-	-	-	-	-	-
γὰρ	γάρ	2	d	-	-	-	-	-	-	-	-
εὖ	εὖ	3	d	-	-	-	-	-	-	-	-
λέγει	λέγω	4	v	3	s	p	i	a	-	-	-
.	.	5	u	-	-	-	-	-	-	-	-

καὶ	καί	1	c	-	-	-	-	-	-	-	-
μὴν	μήν	2	d	-	-	-	-	-	-	-	-
πεπωκώς	πίνω	3	v	-	s	r	p	a	m	n	-
γ'	γε	4	d	-	-	-	-	-	-	-	-
,	,	5	u	-	-	-	-	-	-	-	-
ὡς	ὡς	6	c	-	-	-	-	-	-	-	-
θρασύνεσθαι	θρασύνω	7	v	-	-	p	n	e	-	-	-
πλέον	πλείων	8	a	-	s	-	-	-	n	a	c
,	,	9	u	-	-	-	-	-	-	-	-
βρότειον	βρότειος	10	a	-	s	-	-	-	n	a	-
αἷμα	αἷμα	11	n	-	s	-	-	-	n	a	-
κῶμος	κῶμος	12	n	-	s	-	-	-	m	n	-
ἐν	ἐν	13	r	-	-	-	-	-	-	-	-
δόμοις	δόμος	14	n	-	p	-	-	-	m	d	-
μένει	μένω	15	v	3	s	p	i	a	-	-	-
,	,	16	u	-	-	-	-	-	-	-	-
δύσπεμπτος	δύσπεμπτος	17	a	-	s	-	-	-	m	n	-
ἔξω	ἔξω	18	d	-	-	-	-	-	-	-	-
,	,	19	u	-	-	-	-	-	-	-	-
συγγόνων	σύγγονος	20	a	-	p	-	-	-	f	g	-
Ἐρινύων	Ἐρινύς	21	n	-	p	-	-	-	f	g	-
.	.	22	u	-	-	-	-	-	-	-	-

ὑμνοῦσι	ὑμνέω	1	v	3	p	p	i	a	-	-	-
δ'	δέ	2	d	-	-	-	-	-	-	-	-
ὕμνον	ὕμνος	3	n	-	s	-	-	-	m	a	-
δώμασιν	δῶμα	4	n	-	p	-	-	-	n	d	-
προσήμεναι	πρόσημαι	5	v	-	p	p	p	e	f	n	-
πρώταρχον	πρώταρχος	6	a	-	s	-	-	-	f	a	-
ἄτην	ἄτη	7	n	-	s	-	-	-	f	a	-
·	·	8	u	-	-	-	-	-	-	-	-

ἐν	ἐν	1	r	-	-	-	-	-	-	-	-
μέρει	μέρος	2	n	-	s	-	-	-	n	d	-
δ'	δέ	3	d	-	-	-	-	-	-	-	-
ἀπέπτυσαν	ἀποπτύω	4	v	3	p	a	i	a	-	-	-
εὐνὰς	εὐνή	5	n	-	p	-	-	-	f	a	-
ἀδελφοῦ	ἀδελφός	6	n	-	s	-	-	-	m	g	-
τῷ	ὁ	7	l	-	s	-	-	-	m	d	-
πατοῦντι	πατέω	8	v	-	s	p	p	a	m	d	-
δυσμενεῖς	δυσμενής	9	a	-	p	-	-	-	f	a	-
.	.	10	u	-	-	-	-	-	-	-	-

ἥμαρτον	ἁμαρτάνω	1	v	1	s	a	i	a	-	-	-
,	,	2	u	-	-	-	-	-	-	-	-
ἢ	ἤ	3	c	-	-	-	-	-	-	-	-
θηρῶ	θηράω	4	v	1	s	p	i	a	-	-	-
τι	τις	5	p	-	s	-	-	-	n	a	-
τοξότης	τοξότης	6	n	-	s	-	-	-	m	n	-
τις	τις	7	p	-	s	-	-	-	m	n	-
ὥς	ὡς	8	c	-	-	-	-	-	-	-	-
;	;	9	u	-	-	-	-	-	-	-	-

ἢ	ἤ	1	c	-	-	-	-	-	-	-	-
ψευδόμαντίς	ψευδόμαντις	2	n	-	s	-	-	-	f	n	-
εἰμι	εἰμί	3	v	1	s	p	i	a	-	-	-
θυροκόπος	θυροκόπος	4	a	-	s	-	-	-	f	n	-
φλέδων	φλέδων	5	n	-	s	-	-	-	f	n	-
;	;	6	u	-	-	-	-	-	-	-	-

ἐκμαρτύρησον	ἐκμαρτυρέω	1	v	2	s	a	m	a	-	-	-
προυμόσας	προόμνυμι	2	v	-	s	a	p	a	m	n	-
τό	ὁ	3	p	-	s	-	-	-	n	a	-
μ'	ἐγώ	4	p	-	s	-	-	-	f	a	-
εἰδέναι	οἶδα	5	v	-	-	r	n	a	-	-	-
λόγῳ	λόγος	6	n	-	s	-	-	-	m	d	-
παλαιὰς	παλαιός	7	a	-	p	-	-	-	f	a	-
τῶνδ'	ὅδε	8	p	-	p	-	-	-	m	g	-
ἁμαρτίας	ἁμαρτία	9	n	-	p	-	-	-	f	a	-
δόμων	δόμος	10	n	-	p	-	-	-	m	g	-
.	.	11	u	-	-	-	-	-	-	-	-

καὶ	καί	1	c	-	-	-	-	-	-	-	-
πῶς	πῶς	2	d	-	-	-	-	-	-	-	-
ἂν	ἄν1	3	d	-	-	-	-	-	-	-	-
ὅρκος	ὅρκος	4	n	-	s	-	-	-	m	n	-
,	,	5	u	-	-	-	-	-	-	-	-
πῆγμα	πῆγμα	6	n	-	s	-	-	-	n	n	-
γενναίως	γενναῖος	7	d	-	-	-	-	-	-	-	-
παγέν	πήγνυμι	8	v	-	s	a	p	p	n	n	-
,	,	9	u	-	-	-	-	-	-	-	-
παιώνιον	παιώνιος	10	a	-	s	-	-	-	n	n	-
γένοιτο	γίγνομαι	11	v	3	s	a	o	m	-	-	-
;	;	12	u	-	-	-	-	-	-	-	-

θαυμάζω	θαυμάζω	1	v	1	s	p	i	a	-	-	-
δέ	δέ	2	d	-	-	-	-	-	-	-	-
σου	σύ	3	p	-	s	-	-	-	f	g	-
,	,	4	u	-	-	-	-	-	-	-	-
πόντου	πόντος	5	n	-	s	-	-	-	m	g	-
πέραν	πέραν	6	r	-	-	-	-	-	-	-	-
τραφεῖσαν	τρέφω	7	v	-	s	a	p	p	f	a	-
ἀλλόθρουν	ἀλλόθροος	8	a	-	s	-	-	-	f	a	-
πόλιν	πόλις	9	n	-	s	-	-	-	f	a	-
κυρεῖν	κυρέω	10	v	-	-	p	n	a	-	-	-
λέγουσαν	λέγω	11	v	-	s	p	p	a	f	a	-
,	,	12	u	-	-	-	-	-	-	-	-
ὥσπερ	ὥσπερ	13	c	-	-	-	-	-	-	-	-
εἰ	εἰ	14	c	-	-	-	-	-	-	-	-
παρεστάτεις	παραστατέω	15	v	2	s	i	i	a	-	-	-
.	.	16	u	-	-	-	-	-	-	-	-

μάντις	μάντις	1	n	-	s	-	-	-	m	n	-
μ'	ἐγώ	2	p	-	s	-	-	-	f	a	-
Ἀπόλλων	̓ἀπόλλων	3	n	-	s	-	-	-	m	n	-
τῷδ'	ὅδε	4	p	-	s	-	-	-	n	d	-
ἐπέστησεν	ἐφίστημι	5	v	3	s	a	i	a	-	-	-
τέλει	τέλος	6	n	-	s	-	-	-	n	d	-
.	.	7	u	-	-	-	-	-	-	-	-

μῶν	μῶν	1	d	-	-	-	-	-	-	-	-
καὶ	καί	2	c	-	-	-	-	-	-	-	-
θεός	θεός	3	n	-	s	-	-	-	m	n	-
περ	πέρ	4	d	-	-	-	-	-	-	-	-
ἱμέρῳ	ἵμερος	5	n	-	s	-	-	-	m	d	-
πεπληγμένος	πλήσσω	6	v	-	s	r	p	e	m	n	-
;	;	7	u	-	-	-	-	-	-	-	-

προτοῦ	προτοῦ	1	d	-	-	-	-	-	-	-	-
μὲν	μέν	2	d	-	-	-	-	-	-	-	-
αἰδὼς	αἰδώς	3	n	-	s	-	-	-	f	n	-
ἦν	εἰμί	4	v	3	s	i	i	a	-	-	-
ἐμοὶ	ἐγώ	5	p	-	s	-	-	-	f	d	-
λέγειν	λέγω	6	v	-	-	p	n	a	-	-	-
τάδε	ὅδε	7	p	-	p	-	-	-	n	a	-
.	.	8	u	-	-	-	-	-	-	-	-

ἁβρύνεται	ἁβρύνω	1	v	3	s	p	i	e	-	-	-
γὰρ	γάρ	2	d	-	-	-	-	-	-	-	-
πᾶς	πᾶς	3	p	-	s	-	-	-	m	n	-
τις	τις	4	p	-	s	-	-	-	m	n	-
εὖ	εὖ	5	d	-	-	-	-	-	-	-	-
πράσσων	πράσσω	6	v	-	s	p	p	a	m	n	-
πλέον	πλείων	7	a	-	s	-	-	-	n	a	c
.	.	8	u	-	-	-	-	-	-	-	-

ἀλλ'	ἀλλά	1	d	-	-	-	-	-	-	-	-
ἦν	εἰμί	2	v	3	s	i	i	a	-	-	-
παλαιστὴς	παλαιστής	3	n	-	s	-	-	-	m	n	-
κάρτ'	κάρτα	4	d	-	-	-	-	-	-	-	-
ἐμοὶ	ἐγώ	5	p	-	s	-	-	-	f	d	-
πνέων	πνέω	6	v	-	s	p	p	a	m	n	-
χάριν	χάρις	7	n	-	s	-	-	-	f	a	-
.	.	8	u	-	-	-	-	-	-	-	-

ἦ	ἦ	1	d	-	-	-	-	-	-	-	-
καὶ	καί	2	c	-	-	-	-	-	-	-	-
τέκνων	τέκνον	3	n	-	p	-	-	-	n	g	-
εἰς	εἰς	4	r	-	-	-	-	-	-	-	-
ἔργον	ἔργον	5	n	-	s	-	-	-	n	a	-
ἤλθετον	ἔρχομαι	6	v	2	d	a	i	a	-	-	-
νόμῳ	νόμος	7	n	-	s	-	-	-	m	d	-
;	;	8	u	-	-	-	-	-	-	-	-

ξυναινέσασα	συναινέω	1	v	-	s	a	p	a	f	n	-
Λοξίαν	Λοξίας	2	n	-	s	-	-	-	m	a	-
ἐψευσάμην	ψεύδω	3	v	1	s	a	i	m	-	-	-
.	.	4	u	-	-	-	-	-	-	-	-

ἤδη	ἤδη	1	d	-	-	-	-	-	-	-	-
τέχναισιν	τέχνη	2	n	-	p	-	-	-	f	d	-
ἐνθέοις	ἔνθεος	3	a	-	p	-	-	-	f	d	-
ᾑρημένη	αἱρέω	4	v	-	s	r	p	e	f	n	-
;	;	5	u	-	-	-	-	-	-	-	-

ἤδη	ἤδη	1	d	-	-	-	-	-	-	-	-
πολίταις	πολίτης	2	n	-	p	-	-	-	m	d	-
πάντ'	πᾶς	3	p	-	p	-	-	-	n	a	-
ἐθέσπιζον	θεσπίζω	4	v	1	s	i	i	a	-	-	-
πάθη	πάθος	5	n	-	p	-	-	-	n	a	-
.	.	6	u	-	-	-	-	-	-	-	-

πῶς	πῶς	1	d	-	-	-	-	-	-	-	-
δῆτ'	δῆτα	2	d	-	-	-	-	-	-	-	-
ἄνατος	ἄνατος	3	a	-	s	-	-	-	f	n	-
ἦσθα	εἰμί	4	v	2	s	i	i	a	-	-	-
Λοξίου	Λοξίας	5	n	-	s	-	-	-	m	g	-
κότῳ	κότος	6	n	-	s	-	-	-	m	d	-
;	;	7	u	-	-	-	-	-	-	-	-

ἔπειθον	πείθω	1	v	1	s	i	i	a	-	-	-
οὐδέν'	οὐδείς	2	p	-	s	-	-	-	m	a	-
οὐδέν	οὐδείς	3	p	-	s	-	-	-	n	a	-
,	,	4	u	-	-	-	-	-	-	-	-
ὡς	ὡς	5	c	-	-	-	-	-	-	-	-
τάδ'	ὅδε	6	p	-	p	-	-	-	n	a	-
ἤμπλακον	ἀμπλακεῖν	7	v	1	s	a	i	a	-	-	-
.	.	8	u	-	-	-	-	-	-	-	-

ἡμῖν	ἐγώ	1	p	-	p	-	-	-	m	d	-
γε	γε	2	d	-	-	-	-	-	-	-	-
μὲν	μέν	3	d	-	-	-	-	-	-	-	-
δὴ	δή	4	d	-	-	-	-	-	-	-	-
πιστὰ	πιστός	5	a	-	p	-	-	-	n	a	-
θεσπίζειν	θεσπίζω	6	v	-	-	p	n	a	-	-	-
δοκεῖς	δοκέω	7	v	2	s	p	i	a	-	-	-
.	.	8	u	-	-	-	-	-	-	-	-

ἰοὺ	ἰού	1	i	-	-	-	-	-	-	-	-
ἰού	ἰού	2	i	-	-	-	-	-	-	-	-
,	,	3	u	-	-	-	-	-	-	-	-
ὢ	ὦ	4	i	-	-	-	-	-	-	-	-
ὢ	ὦ	5	i	-	-	-	-	-	-	-	-
κακά	κακός	6	a	-	p	-	-	-	n	a	-
.	.	7	u	-	-	-	-	-	-	-	-

ὑπ'	ὑπό	1	r	-	-	-	-	-	-	-	-
αὖ	αὖ	2	d	-	-	-	-	-	-	-	-
με	ἐγώ	3	p	-	s	-	-	-	m	a	-
δεινὸς	δεινός	4	a	-	s	-	-	-	m	n	-
ὀρθομαντείας	ὀρθομαντεία	5	n	-	s	-	-	-	f	g	-
πόνος	πόνος	6	n	-	s	-	-	-	m	n	-
στροβεῖ	στροβέω	7	v	3	s	p	i	a	-	-	-
ταράσσων	ταράσσω	8	v	-	s	p	p	a	m	n	-
φροιμίοις	φροίμιον	9	n	-	p	-	-	-	n	d	-
δυσφροιμίοις	δυσφροίμιος	10	a	-	p	-	-	-	n	d	-
.	.	11	u	-	-	-	-	-	-	-	-

ὁρᾶτε	ὁράω	1	v	2	p	p	m	a	-	-	-
τούσδε	ὅδε	2	p	-	p	-	-	-	m	a	-
τοὺς	ὁ	3	l	-	p	-	-	-	m	a	-
δόμοις	δόμος	4	n	-	p	-	-	-	m	d	-
ἐφημένους	ἔφημαι	5	v	-	p	p	p	e	m	a	-
νέους	νέος	6	a	-	p	-	-	-	m	a	-
,	,	7	u	-	-	-	-	-	-	-	-
ὀνείρων	ὄνειρος	8	n	-	p	-	-	-	m	g	-
προσφερεῖς	προσφερής	9	a	-	p	-	-	-	m	a	-
μορφώμασιν	μόρφωμα	10	n	-	p	-	-	-	n	d	-
;	;	11	u	-	-	-	-	-	-	-	-

παῖδες	παῖς	1	n	-	p	-	-	-	m	n	-
θανόντες	θνήσκω	2	v	-	p	a	p	a	m	n	-
ὡσπερεὶ	ὥσπερ	3	c	-	-	-	-	-	-	-	-
πρὸς	πρός	4	r	-	-	-	-	-	-	-	-
τῶν	ὁ	5	l	-	p	-	-	-	m	g	-
φίλων	φίλος	6	a	-	p	-	-	-	m	g	-
,	,	7	u	-	-	-	-	-	-	-	-
χεῖρας	χείρ	8	n	-	p	-	-	-	f	a	-
κρεῶν	κρέας	9	n	-	p	-	-	-	n	g	-
πλήθοντες	πλήθω	10	v	-	p	p	p	a	m	n	-
οἰκείας	οἰκεῖος	11	a	-	s	-	-	-	f	g	-
βορᾶς	βορά	12	n	-	s	-	-	-	f	g	-
,	,	13	u	-	-	-	-	-	-	-	-
σὺν	σύν	14	r	-	-	-	-	-	-	-	-
ἐντέροις	ἔντερον	15	n	-	p	-	-	-	n	d	-
τε	τε	16	c	-	-	-	-	-	-	-	-
σπλάγχν'	σπλάγχνον	17	n	-	p	-	-	-	n	a	-
,	,	18	u	-	-	-	-	-	-	-	-
ἐποίκτιστον	ἐποίκτιστος	19	a	-	s	-	-	-	n	a	-
γέμος	γέμος	20	n	-	s	-	-	-	n	a	-
,	,	21	u	-	-	-	-	-	-	-	-
πρέπουσ'	πρέπω	22	v	3	p	p	i	a	-	-	-
ἔχοντες	ἔχω	23	v	-	p	p	p	a	m	n	-
,	,	24	u	-	-	-	-	-	-	-	-
ὧν	ὅς	25	p	-	p	-	-	-	m	g	-
πατὴρ	πατήρ	26	n	-	s	-	-	-	m	n	-
ἐγεύσατο	γεύω	27	v	3	s	a	i	m	-	-	-
.	.	28	u	-	-	-	-	-	-	-	-

ἐκ	ἐκ	1	r	-	-	-	-	-	-	-	-
τῶνδε	ὅδε	2	p	-	p	-	-	-	n	g	-
ποινὰς	ποινή	3	n	-	p	-	-	-	f	a	-
φημὶ	φημί	4	v	1	s	p	i	a	-	-	-
βουλεύειν	βουλεύω	5	v	-	-	p	n	a	-	-	-
τινὰ	τις	6	p	-	s	-	-	-	m	a	-
λέοντ'	λέων	7	n	-	s	-	-	-	m	a	-
ἄναλκιν	ἄναλκις	8	a	-	s	-	-	-	m	a	-
ἐν	ἐν	9	r	-	-	-	-	-	-	-	-
λέχει	λέχος	10	n	-	s	-	-	-	n	d	-
στρωφώμενον	στρωφάω	11	v	-	s	p	p	e	m	a	-
οἰκουρόν	οἰκουρός	12	a	-	s	-	-	-	m	a	-
,	,	13	u	-	-	-	-	-	-	-	-
οἴμοι	οἴμοι	14	i	-	-	-	-	-	-	-	-
,	,	15	u	-	-	-	-	-	-	-	-
τῷ	ὁ	16	l	-	s	-	-	-	m	d	-
μολόντι	βλώσκω	17	v	-	s	a	p	a	m	d	-
δεσπότῃ	δεσπότης	18	n	-	s	-	-	-	m	d	-
ἐμῷ	ἐμός	19	p	-	s	-	-	-	m	d	-
·	·	20	u	-	-	-	-	-	-	-	-

φέρειν	φέρω	1	v	-	-	p	n	a	-	-	-
γὰρ	γάρ	2	d	-	-	-	-	-	-	-	-
χρὴ	χρή	3	v	3	s	p	i	a	-	-	-
τὸ	ὁ	4	l	-	s	-	-	-	n	a	-
δούλιον	δούλιος	5	a	-	s	-	-	-	n	a	-
ζυγόν	ζυγόν	6	n	-	s	-	-	-	n	a	-
·	·	7	u	-	-	-	-	-	-	-	-

νεῶν	ναῦς	1	n	-	p	-	-	-	f	g	-
τ'	τε	2	c	-	-	-	-	-	-	-	-
ἄπαρχος	ἄπαρχος	3	n	-	s	-	-	-	m	n	-
Ἰλίου	Ἴλιος	4	n	-	s	-	-	-	f	g	-
τ'	τε	5	c	-	-	-	-	-	-	-	-
ἀναστάτης	ἀναστατήρ	6	n	-	s	-	-	-	m	n	-
οὐκ	οὐ	7	d	-	-	-	-	-	-	-	-
οἶδεν	οἶδα	8	v	3	s	r	i	a	-	-	-
οἷα	οἷος	9	p	-	p	-	-	-	n	a	-
γλῶσσα	γλῶσσα	10	n	-	s	-	-	-	f	n	-
μισητῆς	μισητός	11	a	-	s	-	-	-	f	g	-
κυνὸς	κύων	12	n	-	s	-	-	-	f	g	-
λείξασα	λείχω	13	v	-	s	a	p	a	f	n	-
κ	καί	14	c	-	-	-	-	-	-	-	-
ἀκτείνασα	ἐκτείνω	15	v	-	s	a	p	a	f	n	-
φαιδρὸν	φαιδρός	16	a	-	s	-	-	-	n	a	-
οὖς	οὖς	17	n	-	s	-	-	-	n	a	-
,	,	18	u	-	-	-	-	-	-	-	-
δίκην	δίκη	19	n	-	s	-	-	-	f	a	-
Ἄτης	ἄτη	20	n	-	s	-	-	-	f	g	-
λαθραίου	λαθραῖος	21	a	-	s	-	-	-	f	g	-
,	,	22	u	-	-	-	-	-	-	-	-
τεύξεται	τυγχάνω	23	v	3	s	f	i	m	-	-	-
κακῇ	κακός	24	a	-	s	-	-	-	f	d	-
τύχῃ	τύχη	25	n	-	s	-	-	-	f	d	-
.	.	26	u	-	-	-	-	-	-	-	-

τοιάδε	τοιόσδε	1	p	-	s	-	-	-	f	n	-
τόλμα	τόλμα	2	n	-	s	-	-	-	f	n	-
·	·	3	u	-	-	-	-	-	-	-	-

θῆλυς	θῆλυς	1	a	-	s	-	-	-	m	n	-
ἄρσενος	ἄρσην	2	n	-	s	-	-	-	-	g	-
φονεὺς	φονεύς	3	n	-	s	-	-	-	m	n	-
ἔστιν	εἰμί	4	v	3	s	p	i	a	-	-	-
.	.	5	u	-	-	-	-	-	-	-	-

τί	τίς	1	p	-	s	-	-	-	n	a	-
νιν	νιν	2	p	-	s	-	-	-	f	a	-
καλοῦσα	καλέω	3	v	-	s	p	p	a	f	n	-
δυσφιλὲς	δυσφιλής	4	a	-	s	-	-	-	n	a	-
δάκος	δάκος	5	n	-	s	-	-	-	n	a	-
τύχοιμ'	τυγχάνω	6	v	1	s	a	o	a	-	-	-
ἄν	ἄν1	7	d	-	-	-	-	-	-	-	-
;	;	8	u	-	-	-	-	-	-	-	-

ἀμφίσβαιναν	ἀμφίσβαινα	1	n	-	s	-	-	-	f	a	-
,	,	2	u	-	-	-	-	-	-	-	-
ἢ	ἤ	3	c	-	-	-	-	-	-	-	-
Σκύλλαν	Σκύλλα	4	n	-	s	-	-	-	f	a	-
τινὰ	τις	5	p	-	s	-	-	-	f	a	-
οἰκοῦσαν	οἰκέω	6	v	-	s	p	p	a	f	a	-
ἐν	ἐν	7	r	-	-	-	-	-	-	-	-
πέτραισι	πέτρα	8	n	-	p	-	-	-	f	d	-
,	,	9	u	-	-	-	-	-	-	-	-
ναυτίλων	ναυτίλος	10	n	-	p	-	-	-	m	g	-
βλάβην	βλάβος	11	n	-	s	-	-	-	n	a	-
,	,	12	u	-	-	-	-	-	-	-	-
θύουσαν	θύω	13	v	-	s	p	p	a	f	a	-
Ἅιδου	ᾍδης	14	n	-	s	-	-	-	m	g	-
μητέρ'	μήτηρ	15	n	-	s	-	-	-	f	a	-
ἄσπονδόν	ἄσπονδος	16	a	-	s	-	-	-	m	a	-
τ'	τε	17	c	-	-	-	-	-	-	-	-
Ἄρη	Ἄρης	18	n	-	s	-	-	-	m	a	-
φίλοις	φίλος	19	a	-	p	-	-	-	m	d	-
πνέουσαν	πνέω	20	v	-	s	p	p	a	f	a	-
;	;	21	u	-	-	-	-	-	-	-	-

ὡς	ὡς	1	d	-	-	-	-	-	-	-	-
δ'	δέ	2	d	-	-	-	-	-	-	-	-
ἐπωλολύξατο	ἐπολολύζω	3	v	3	s	a	i	m	-	-	-
ἡ	ὁ	4	l	-	s	-	-	-	f	n	-
παντότολμος	παντότολμος	5	a	-	s	-	-	-	f	n	-
,	,	6	u	-	-	-	-	-	-	-	-
ὥσπερ	ὥσπερ	7	c	-	-	-	-	-	-	-	-
ἐν	ἐν	8	r	-	-	-	-	-	-	-	-
μάχης	μάχη	9	n	-	s	-	-	-	f	g	-
τροπῇ	τροπή	10	n	-	s	-	-	-	f	d	-
,	,	11	u	-	-	-	-	-	-	-	-
δοκεῖ	δοκέω	12	v	3	s	p	i	a	-	-	-
δὲ	δέ	13	d	-	-	-	-	-	-	-	-
χαίρειν	χαίρω	14	v	-	-	p	n	a	-	-	-
νοστίμῳ	νόστιμος	15	a	-	s	-	-	-	f	d	-
σωτηρίᾳ	σωτηρία	16	n	-	s	-	-	-	f	d	-
.	.	17	u	-	-	-	-	-	-	-	-

καὶ	καί	1	c	-	-	-	-	-	-	-	-
τῶνδ'	ὅδε	2	p	-	p	-	-	-	n	g	-
ὅμοιον	ὅμοιος	3	a	-	s	-	-	-	n	n	-
εἴ	εἰ	4	c	-	-	-	-	-	-	-	-
τι	τις	5	p	-	s	-	-	-	n	a	-
μὴ	μή	6	d	-	-	-	-	-	-	-	-
πείθω	πείθω	7	v	1	s	p	i	a	-	-	-
·	·	8	u	-	-	-	-	-	-	-	-

τὸ	ὁ	1	l	-	s	-	-	-	n	n	-
μέλλον	μέλλω	2	v	-	s	p	p	a	n	n	-
ἥξει	ἥκω	3	v	3	s	f	i	a	-	-	-
.	.	4	u	-	-	-	-	-	-	-	-

καὶ	καί	1	c	-	-	-	-	-	-	-	-
σύ	σύ	2	p	-	s	-	-	-	-	n	-
μ'	ἐγώ	3	p	-	s	-	-	-	f	a	-
ἐν	ἐν	4	r	-	-	-	-	-	-	-	-
τάχει	τάχος	5	n	-	s	-	-	-	n	d	-
παρὼν	πάρειμι	6	v	-	s	p	p	a	m	n	-
ἄγαν	ἄγαν	7	d	-	-	-	-	-	-	-	-
γ'	γε	8	d	-	-	-	-	-	-	-	-
ἀληθόμαντιν	ἀληθόμαντις	9	n	-	s	-	-	-	f	a	-
οἰκτίρας	οἰκτίρω	10	v	-	s	a	p	a	m	n	-
ἐρεῖς	ἐρῶ	11	v	2	s	f	i	a	-	-	-
.	.	12	u	-	-	-	-	-	-	-	-

τὴν	ὁ	1	l	-	s	-	-	-	f	a	-
μὲν	μέν	2	d	-	-	-	-	-	-	-	-
Θυέστου	Θυέστης	3	n	-	s	-	-	-	m	g	-
δαῖτα	δαῖς	4	n	-	s	-	-	-	f	a	-
παιδείων	παίδειος	5	a	-	p	-	-	-	n	g	-
κρεῶν	κρέας	6	n	-	p	-	-	-	n	g	-
ξυνῆκα	συνίημι	7	v	1	s	a	i	a	-	-	-
καὶ	καί	8	c	-	-	-	-	-	-	-	-
πέφρικα	φρίσσω	9	v	1	s	r	i	a	-	-	-
,	,	10	u	-	-	-	-	-	-	-	-
καὶ	καί	11	c	-	-	-	-	-	-	-	-
φόβος	φόβος	12	n	-	s	-	-	-	m	n	-
μ'	ἐγώ	13	p	-	s	-	-	-	m	a	-
ἔχει	ἔχω	14	v	3	s	p	i	a	-	-	-
κλύοντ'	κλύω	15	v	3	p	p	i	e	-	-	-
ἀληθῶς	ἀληθής	16	d	-	-	-	-	-	-	-	-
οὐδὲν	οὐδείς	17	p	-	s	-	-	-	n	a	-
ἐξῃκασμένα	ἐξεικάζω	18	v	-	p	r	p	e	n	a	-
.	.	19	u	-	-	-	-	-	-	-	-

τὰ	ὁ	1	l	-	p	-	-	-	n	a	-
δ'	δέ	2	d	-	-	-	-	-	-	-	-
ἄλλ'	ἄλλος	3	p	-	s	-	-	-	n	a	-
ἀκούσας	ἀκούω	4	v	-	s	a	p	a	m	n	-
ἐκ	ἐκ	5	r	-	-	-	-	-	-	-	-
δρόμου	δρόμος	6	n	-	s	-	-	-	m	g	-
πεσὼν	πίπτω	7	v	-	s	a	p	a	m	n	-
τρέχω	τρέχω	8	v	1	s	p	i	a	-	-	-
.	.	9	u	-	-	-	-	-	-	-	-

Ἀγαμέμνονός	Ἀγαμέμνων	1	n	-	s	-	-	-	m	g	-
σέ	σύ	2	p	-	s	-	-	-	-	a	-
φημ'	φημί	3	v	1	s	p	i	a	-	-	-
ἐπόψεσθαι	ἐφοράω	4	v	-	-	f	n	m	-	-	-
μόρον	μόρος	5	n	-	s	-	-	-	m	a	-
.	.	6	u	-	-	-	-	-	-	-	-

εὔφημον	εὔφημος	1	a	-	s	-	-	-	n	a	-
,	,	2	u	-	-	-	-	-	-	-	-
ὦ	ὦ	3	i	-	-	-	-	-	-	-	-
τάλαινα	τάλας	4	a	-	s	-	-	-	f	v	-
,	,	5	u	-	-	-	-	-	-	-	-
κοίμησον	κοιμάω	6	v	2	s	a	m	a	-	-	-
στόμα	στόμα	7	n	-	s	-	-	-	n	a	-
.	.	8	u	-	-	-	-	-	-	-	-

ἀλλ'	ἀλλά	1	d	-	-	-	-	-	-	-	-
οὔτι	οὔτι	2	d	-	-	-	-	-	-	-	-
παιὼν	παιάν	3	n	-	s	-	-	-	m	n	-
τῷδ'	ὅδε	4	p	-	s	-	-	-	m	d	-
ἐπιστατεῖ	ἐπιστατέω	5	v	3	s	p	i	a	-	-	-
λόγῳ	λόγος	6	n	-	s	-	-	-	m	d	-
.	.	7	u	-	-	-	-	-	-	-	-

οὔκ	οὐ	1	d	-	-	-	-	-	-	-	-
,	,	2	u	-	-	-	-	-	-	-	-
εἴπερ	εἴπερ	3	c	-	-	-	-	-	-	-	-
ἔσται	εἰμί	4	v	3	s	f	i	m	-	-	-
γ'	γε	5	d	-	-	-	-	-	-	-	-
·	·	6	u	-	-	-	-	-	-	-	-

ἀλλὰ	ἀλλά	1	d	-	-	-	-	-	-	-	-
μὴ	μή	2	c	-	-	-	-	-	-	-	-
γένοιτό	γίγνομαι	3	v	3	s	a	o	m	-	-	-
πως	πως	4	d	-	-	-	-	-	-	-	-
.	.	5	u	-	-	-	-	-	-	-	-

σὺ	σύ	1	p	-	s	-	-	-	m	n	-
μὲν	μέν	2	d	-	-	-	-	-	-	-	-
κατεύχῃ	κατεύχομαι	3	v	2	s	p	i	e	-	-	-
,	,	4	u	-	-	-	-	-	-	-	-
τοῖς	ὁ	5	p	-	p	-	-	-	m	d	-
δ'	δέ	6	d	-	-	-	-	-	-	-	-
ἀποκτείνειν	ἀποκτείνω	7	v	-	-	p	n	a	-	-	-
μέλει	μέλω	8	v	3	s	p	i	a	-	-	-
.	.	9	u	-	-	-	-	-	-	-	-

τίνος	τίς	1	p	-	s	-	-	-	m	g	-
πρὸς	πρός	2	r	-	-	-	-	-	-	-	-
ἀνδρὸς	ἀνήρ	3	n	-	s	-	-	-	m	g	-
τοῦτ'	οὗτος	4	p	-	s	-	-	-	n	n	-
ἄγος	ἄγος	5	n	-	s	-	-	-	n	n	-
πορσύνεται	πορσύνω	6	v	3	s	p	i	e	-	-	-
;	;	7	u	-	-	-	-	-	-	-	-

ἦ	ἦ	1	d	-	-	-	-	-	-	-	-
κάρτα	κάρτα	2	d	-	-	-	-	-	-	-	-
τἄρ'	ἄρα	3	d	-	-	-	-	-	-	-	-
ἂν	ἄν1	4	d	-	-	-	-	-	-	-	-
παρεκόπης	παρακόπτω	5	v	2	s	a	i	p	-	-	-
χρησμῶν	χρησμός	6	n	-	p	-	-	-	m	g	-
ἐμῶν	ἐμός	7	p	-	p	-	-	-	m	g	-

τοῦ	ὁ	1	l	-	s	-	-	-	m	g	-
γὰρ	γάρ	2	d	-	-	-	-	-	-	-	-
τελοῦντος	τελέω	3	v	-	s	p	p	a	m	g	-
οὐ	οὐ	4	d	-	-	-	-	-	-	-	-
ξυνῆκα	συνίημι	5	v	1	s	a	i	a	-	-	-
μηχανήν	μηχανή	6	n	-	s	-	-	-	f	a	-
.	.	7	u	-	-	-	-	-	-	-	-

καὶ	καί	1	c	-	-	-	-	-	-	-	-
μὴν	μήν	2	d	-	-	-	-	-	-	-	-
ἄγαν	ἄγαν	3	d	-	-	-	-	-	-	-	-
γ'	γε	4	d	-	-	-	-	-	-	-	-
Ἕλλην'	Ἕλλην	5	n	-	s	-	-	-	f	a	-
ἐπίσταμαι	ἐπίσταμαι	6	v	1	s	p	i	e	-	-	-
φάτιν	φάτις	7	n	-	s	-	-	-	f	a	-
.	.	8	u	-	-	-	-	-	-	-	-

καὶ	καί	1	c	-	-	-	-	-	-	-	-
γὰρ	γάρ	2	d	-	-	-	-	-	-	-	-
τὰ	ὁ	3	l	-	p	-	-	-	n	n	-
πυθόκραντα	Πυθόκραντος	4	a	-	p	-	-	-	n	n	-
·	·	5	u	-	-	-	-	-	-	-	-

δυσμαθῆ	δυσμαθής	1	a	-	p	-	-	-	n	n	-
δ'	δέ	2	d	-	-	-	-	-	-	-	-
ὅμως	ὅμως	3	d	-	-	-	-	-	-	-	-
.	.	4	u	-	-	-	-	-	-	-	-

παπαῖ	παπαῖ	1	i	-	-	-	-	-	-	-	-
,	,	2	u	-	-	-	-	-	-	-	-
οἷον	οἷος	3	p	-	s	-	-	-	n	a	-
τὸ	ὁ	4	l	-	s	-	-	-	n	a	-
πῦρ	πῦρ	5	n	-	s	-	-	-	n	a	-
·	·	6	u	-	-	-	-	-	-	-	-

ἐπέρχεται	ἐπέρχομαι	1	v	3	s	p	i	e	-	-	-
δέ	δέ	2	d	-	-	-	-	-	-	-	-
μοι	ἐγώ	3	p	-	s	-	-	-	f	d	-
.	.	4	u	-	-	-	-	-	-	-	-

ὀτοτοῖ	ὀτοτοῖ	1	i	-	-	-	-	-	-	-	-
,	,	2	u	-	-	-	-	-	-	-	-
Λύκει'	λυκεία	3	n	-	p	-	-	-	f	v	-
Ἄπολλον	̓ἀπόλλων	4	n	-	s	-	-	-	m	v	-
,	,	5	u	-	-	-	-	-	-	-	-
οἲ	οἴ	6	i	-	-	-	-	-	-	-	-
ἐγὼ	ἐγώ	7	p	-	s	-	-	-	m	n	-
ἐγώ	ἐγώ	8	p	-	s	-	-	-	m	n	-
.	.	9	u	-	-	-	-	-	-	-	-

αὕτη	οὗτος	1	p	-	s	-	-	-	f	n	-
δίπους	δίπους	2	n	-	s	-	-	-	f	n	-
λέαινα	λέαινα	3	n	-	s	-	-	-	f	n	-
συγκοιμωμένη	συγκοιμάομαι	4	v	-	s	p	p	e	f	n	-
λύκῳ	λύκος	5	n	-	s	-	-	-	m	d	-
,	,	6	u	-	-	-	-	-	-	-	-
λέοντος	λέων	7	n	-	s	-	-	-	m	g	-
εὐγενοῦς	εὐγενής	8	a	-	s	-	-	-	m	g	-
ἀπουσίᾳ	ἀπουσία	9	n	-	s	-	-	-	f	d	-
,	,	10	u	-	-	-	-	-	-	-	-
κτενεῖ	κτείνω	11	v	3	s	f	i	a	-	-	-
με	ἐγώ	12	p	-	s	-	-	-	f	a	-
τὴν	ὁ	13	l	-	s	-	-	-	f	a	-
τάλαιναν	τάλας	14	a	-	s	-	-	-	f	a	-
·	·	15	u	-	-	-	-	-	-	-	-

ὡς	ὡς	1	c	-	-	-	-	-	-	-	-
δὲ	δέ	2	d	-	-	-	-	-	-	-	-
φάρμακον	φάρμακον	3	n	-	s	-	-	-	n	a	-
τεύχουσα	τεύχω	4	v	-	s	p	p	a	f	n	-
κ	καί	5	c	-	-	-	-	-	-	-	-
ἀμοῦ	ἐγώ	6	p	-	s	-	-	-	f	g	-
μισθὸν	μισθός	7	n	-	s	-	-	-	m	a	-
ἐνθήσειν	ἐντίθημι	8	v	-	-	f	n	a	-	-	-
κότῳ	κότος	9	n	-	s	-	-	-	m	d	-
ἐπεύχεται	ἐπεύχομαι	10	v	3	s	p	i	e	-	-	-
,	,	11	u	-	-	-	-	-	-	-	-
θήγουσα	θήγω	12	v	-	s	p	p	a	f	n	-
φωτὶ	φώς	13	n	-	s	-	-	-	m	d	-
φάσγανον	φάσγανον	14	n	-	s	-	-	-	n	a	-
ἐμῆς	ἐμός	15	p	-	s	-	-	-	f	g	-
ἀγωγῆς	ἀγωγή	16	n	-	s	-	-	-	f	g	-
ἀντιτείσασθαι	ἀντιτίνω	17	v	-	-	a	n	m	-	-	-
φόνον	φόνος	18	n	-	s	-	-	-	m	a	-
.	.	19	u	-	-	-	-	-	-	-	-

τί	τίς	1	p	-	s	-	-	-	n	a	-
δῆτ'	δῆτα	2	d	-	-	-	-	-	-	-	-
ἐμαυτῆς	ἐμαυτοῦ	3	p	-	s	-	-	-	f	g	-
καταγέλωτ'	κατάγελως	4	n	-	s	-	-	-	m	a	-
ἔχω	ἔχω	5	v	1	s	p	i	a	-	-	-
τάδε	ὅδε	6	p	-	p	-	-	-	n	a	-
,	,	7	u	-	-	-	-	-	-	-	-
καὶ	καί	8	c	-	-	-	-	-	-	-	-
σκῆπτρα	σκῆπτρον	9	n	-	p	-	-	-	n	a	-
καὶ	καί	10	c	-	-	-	-	-	-	-	-
μαντεῖα	μαντεῖος	11	a	-	p	-	-	-	n	a	-
περὶ	περί	12	r	-	-	-	-	-	-	-	-
δέρῃ	δειρή	13	n	-	s	-	-	-	f	d	-
στέφη	στέφος	14	n	-	p	-	-	-	n	a	-
;	;	15	u	-	-	-	-	-	-	-	-

σὲ	σύ	1	p	-	s	-	-	-	m	a	-
μὲν	μέν	2	d	-	-	-	-	-	-	-	-
πρὸ	πρό	3	r	-	-	-	-	-	-	-	-
μοίρας	μοῖρα	4	n	-	s	-	-	-	f	g	-
τῆς	ὁ	5	l	-	s	-	-	-	f	g	-
ἐμῆς	ἐμός	6	p	-	s	-	-	-	f	g	-
διαφθερῶ	διαφθείρω	7	v	1	s	f	i	a	-	-	-
.	.	8	u	-	-	-	-	-	-	-	-

ἴτ'	εἶμι	1	v	2	p	p	m	a	-	-	-
ἐς	εἰς	2	r	-	-	-	-	-	-	-	-
φθόρον	φθόρος	3	n	-	s	-	-	-	m	a	-
·	·	4	u	-	-	-	-	-	-	-	-

πεσόντα	πίπτω	1	v	-	p	a	p	a	n	a	-
γ'	γε	2	d	-	-	-	-	-	-	-	-
ὧδ'	ὧδε	3	d	-	-	-	-	-	-	-	-
ἀμείβομαι	ἀμείβω	4	v	1	s	p	i	e	-	-	-
.	.	5	u	-	-	-	-	-	-	-	-

ἄλλην	ἄλλος	1	p	-	s	-	-	-	f	a	-
τιν'	τις	2	p	-	s	-	-	-	f	a	-
ἄτης	ἄτη	3	n	-	s	-	-	-	f	g	-
ἀντ'	ἀντί	4	r	-	-	-	-	-	-	-	-
ἐμοῦ	ἐγώ	5	p	-	s	-	-	-	f	g	-
πλουτίζετε	πλουτίζω	6	v	2	p	p	m	a	-	-	-
.	.	7	u	-	-	-	-	-	-	-	-

ἰδοὺ	ἰδού	1	d	-	-	-	-	-	-	-	-
δ'	δέ	2	d	-	-	-	-	-	-	-	-
Ἀπόλλων	Ἀπόλλων	3	n	-	s	-	-	-	m	n	-
αὐτὸς	αὐτός	4	p	-	s	-	-	-	m	n	-
ἐκδύων	ἐκδύω	5	v	-	s	p	p	a	m	n	-
ἐμὲ	ἐγώ	6	p	-	s	-	-	-	f	a	-
χρηστηρίαν	χρηστήριος	7	a	-	s	-	-	-	f	a	-
ἐσθῆτ'	ἐσθής	8	n	-	s	-	-	-	f	a	-
,	,	9	u	-	-	-	-	-	-	-	-
ἐποπτεύσας	ἐποπτεύω	10	v	-	s	a	p	a	m	n	-
δέ	δέ	11	d	-	-	-	-	-	-	-	-
με	ἐγώ	12	p	-	s	-	-	-	m	a	-
κ	καί	13	c	-	-	-	-	-	-	-	-
ἀν	ἐν	14	r	-	-	-	-	-	-	-	-
τοῖσδε	ὅδε	15	p	-	p	-	-	-	m	d	-
κόσμοις	κόσμος	16	n	-	p	-	-	-	m	d	-
καταγελωμένην	καταγελάω	17	v	-	s	p	p	e	f	a	-
μέγα	μέγας	18	a	-	s	-	-	-	n	a	-
φίλων	φίλος	19	a	-	p	-	-	-	m	g	-
ὑπ'	ὑπό	20	r	-	-	-	-	-	-	-	-
ἐχθρῶν	ἐχθρός	21	a	-	p	-	-	-	m	g	-
οὐ	οὐ	22	d	-	-	-	-	-	-	-	-
διχορρόπως	διχόρροπος	23	a	-	p	-	-	-	f	a	-
,	,	24	u	-	-	-	-	-	-	-	-
μάτην	μάτην	25	d	-	-	-	-	-	-	-	-
-	-	26	u	-	-	-	-	-	-	-	-
καλουμένη	καλέω	27	v	-	s	p	p	e	f	n	-
δὲ	δέ	28	d	-	-	-	-	-	-	-	-
φοιτὰς	φοιτάς	29	n	-	s	-	-	-	f	n	-
ὡς	ὡς	30	c	-	-	-	-	-	-	-	-
ἀγύρτρια	ἀγύρτρια	31	n	-	s	-	-	-	f	n	-
πτωχὸς	πτωχός	32	a	-	s	-	-	-	f	n	-
τάλαινα	τάλας	33	a	-	s	-	-	-	f	n	-
λιμοθνὴς	λιμοθνής	34	n	-	s	-	-	-	f	n	-
ἠνεσχόμην	ἀνέχω	35	v	1	s	a	i	m	-	-	-
-	-	36	u	-	-	-	-	-	-	-	-
καὶ	καί	37	c	-	-	-	-	-	-	-	-
νῦν	νῦν	38	d	-	-	-	-	-	-	-	-
ὁ	ὁ	39	l	-	s	-	-	-	m	n	-
μάντις	μάντις	40	n	-	s	-	-	-	m	n	-
μάντιν	μάντις	41	n	-	s	-	-	-	m	a	-
ἐκπράξας	ἐκπράσσω	42	v	-	s	a	p	a	m	n	-
ἐμὲ	ἐγώ	43	p	-	s	-	-	-	f	a	-
ἀπήγαγ'	ἀπάγω	44	v	3	s	a	i	a	-	-	-
ἐς	εἰς	45	r	-	-	-	-	-	-	-	-
τοιάσδε	τοιόσδε	46	p	-	p	-	-	-	f	a	-
θανασίμους	θανάσιμος	47	a	-	p	-	-	-	f	a	-
τύχας	τύχη	48	n	-	p	-	-	-	f	a	-
.	.	49	u	-	-	-	-	-	-	-	-

βωμοῦ	βωμός	1	n	-	s	-	-	-	m	g	-
πατρῴου	πατρῷος	2	a	-	s	-	-	-	m	g	-
δ'	δέ	3	d	-	-	-	-	-	-	-	-
ἀντ'	ἀντί	4	r	-	-	-	-	-	-	-	-
ἐπίξηνον	ἐπίξηνον	5	n	-	s	-	-	-	n	n	-
μένει	μένω	6	v	3	s	p	i	a	-	-	-
,	,	7	u	-	-	-	-	-	-	-	-
θερμῷ	θερμός	8	a	-	s	-	-	-	n	d	-
κοπείσης	κόπτω	9	v	-	s	a	p	p	f	g	-
φοινίῳ	φοίνιος	10	a	-	s	-	-	-	n	d	-
προσφάγματι	πρόσφαγμα	11	n	-	s	-	-	-	n	d	-
.	.	12	u	-	-	-	-	-	-	-	-

οὐ	οὐ	1	d	-	-	-	-	-	-	-	-
μὴν	μήν	2	d	-	-	-	-	-	-	-	-
ἄτιμοί	ἄτιμος	3	a	-	p	-	-	-	m	n	-
γ'	γε	4	d	-	-	-	-	-	-	-	-
ἐκ	ἐκ	5	r	-	-	-	-	-	-	-	-
θεῶν	θεός	6	n	-	p	-	-	-	m	g	-
τεθνήξομεν	θνήσκω	7	v	1	p	t	i	a	-	-	-
.	.	8	u	-	-	-	-	-	-	-	-

ἥξει	ἥκω	1	v	3	s	f	i	a	-	-	-
γὰρ	γάρ	2	d	-	-	-	-	-	-	-	-
ἡμῶν	ἐγώ	3	p	-	p	-	-	-	m	g	-
ἄλλος	ἄλλος	4	p	-	s	-	-	-	m	n	-
αὖ	αὖ	5	d	-	-	-	-	-	-	-	-
τιμάορος	τιμάορος	6	a	-	s	-	-	-	m	n	-
,	,	7	u	-	-	-	-	-	-	-	-
μητροκτόνον	μητροκτόνος	8	a	-	s	-	-	-	n	n	-
φίτυμα	φίτυμα	9	n	-	s	-	-	-	n	n	-
,	,	10	u	-	-	-	-	-	-	-	-
ποινάτωρ	ποινάτωρ	11	n	-	s	-	-	-	m	n	-
πατρός	πατήρ	12	n	-	s	-	-	-	m	g	-
·	·	13	u	-	-	-	-	-	-	-	-

φυγὰς	φυγάς	1	n	-	s	-	-	-	m	n	-
δ'	δέ	2	d	-	-	-	-	-	-	-	-
ἀλήτης	ἀλήτης	3	n	-	s	-	-	-	m	n	-
τῆσδε	ὅδε	4	p	-	s	-	-	-	f	g	-
γῆς	γῆ	5	n	-	s	-	-	-	f	g	-
ἀπόξενος	ἀπόξενος	6	a	-	s	-	-	-	m	n	-
κάτεισιν	κάτειμι	7	v	3	s	p	i	a	-	-	-
,	,	8	u	-	-	-	-	-	-	-	-
ἄτας	ἄτη	9	n	-	p	-	-	-	f	a	-
τάσδε	ὅδε	10	p	-	p	-	-	-	f	a	-
θριγκώσων	θριγκόω	11	v	-	s	f	p	a	m	n	-
φίλοις	φίλος	12	a	-	p	-	-	-	m	d	-
·	·	13	u	-	-	-	-	-	-	-	-

ὀμώμοται	ὄμνυμι	1	v	3	s	r	i	e	-	-	-
γὰρ	γάρ	2	d	-	-	-	-	-	-	-	-
ὅρκος	ὅρκος	3	n	-	s	-	-	-	m	n	-
ἐκ	ἐκ	4	r	-	-	-	-	-	-	-	-
θεῶν	θεός	5	n	-	p	-	-	-	m	g	-
μέγας	μέγας	6	a	-	s	-	-	-	m	n	-
,	,	7	u	-	-	-	-	-	-	-	-
ἄξειν	ἄγω	8	v	-	-	f	n	a	-	-	-
νιν	νιν	9	p	-	s	-	-	-	m	a	-
ὑπτίασμα	ὑπτίασμα	10	n	-	s	-	-	-	n	a	-
κειμένου	κεῖμαι	11	v	-	s	p	p	e	m	g	-
πατρός	πατήρ	12	n	-	s	-	-	-	m	g	-
.	.	13	u	-	-	-	-	-	-	-	-

τί	τίς	1	p	-	s	-	-	-	n	a	-
δῆτ'	δῆτα	2	d	-	-	-	-	-	-	-	-
ἐγὼ	ἐγώ	3	p	-	s	-	-	-	f	n	-
κάτοικτος	κάτοικτος	4	a	-	s	-	-	-	f	n	-
ὧδ'	ὧδε	5	d	-	-	-	-	-	-	-	-
ἀναστένω	ἀναστένω	6	v	1	s	p	i	a	-	-	-
;	;	7	u	-	-	-	-	-	-	-	-

ἐπεὶ	ἐπεί	1	c	-	-	-	-	-	-	-	-
τὸ	ὁ	2	l	-	s	-	-	-	n	a	-
πρῶτον	πρῶτος	3	a	-	s	-	-	-	n	a	-
εἶδον	εἶδον	4	v	1	s	a	i	a	-	-	-
Ἰλίου	Ἴλιος	5	n	-	s	-	-	-	f	g	-
πόλιν	πόλις	6	n	-	s	-	-	-	f	a	-
πράξασαν	πράσσω	7	v	-	s	a	p	a	f	a	-
ὡς	ὡς	8	c	-	-	-	-	-	-	-	-
ἔπραξεν	πράσσω	9	v	3	s	a	i	a	-	-	-
,	,	10	u	-	-	-	-	-	-	-	-
οἳ	ὅς	11	p	-	p	-	-	-	m	n	-
δ'	δέ	12	d	-	-	-	-	-	-	-	-
εἷλον	αἱρέω	13	v	3	p	a	i	a	-	-	-
πόλιν	πόλις	14	n	-	s	-	-	-	f	a	-
οὕτως	οὕτως	15	d	-	-	-	-	-	-	-	-
ἀπαλλάσσουσιν	ἀπαλλάσσω	16	v	3	p	p	i	a	-	-	-
ἐν	ἐν	17	r	-	-	-	-	-	-	-	-
θεῶν	θεός	18	n	-	p	-	-	-	m	g	-
κρίσει	κρίσις	19	n	-	s	-	-	-	f	d	-
,	,	20	u	-	-	-	-	-	-	-	-
ἰοῦσα	εἰμί	21	v	-	s	p	p	a	f	n	-
πράξω	πράσσω	22	v	1	s	f	i	a	-	-	-
·	·	23	u	-	-	-	-	-	-	-	-

τλήσομαι	τλάω	1	v	1	s	f	i	m	-	-	-
τὸ	ὁ	2	l	-	s	-	-	-	n	a	-
κατθανεῖν	καταθνήσκω	3	v	-	-	a	n	a	-	-	-
.	.	4	u	-	-	-	-	-	-	-	-

Ἅιδου	ᾍδης	1	n	-	s	-	-	-	m	g	-
πύλας	πύλη	2	n	-	p	-	-	-	f	a	-
δὲ	δέ	3	d	-	-	-	-	-	-	-	-
τάσδ'	ὅδε	4	p	-	p	-	-	-	f	a	-
ἐγὼ	ἐγώ	5	p	-	s	-	-	-	f	n	-
προσεννέπω	προσεννέπω	6	v	1	s	p	i	a	-	-	-
·	·	7	u	-	-	-	-	-	-	-	-

ἐπεύχομαι	ἐπεύχομαι	1	v	1	s	p	i	e	-	-	-
δὲ	δέ	2	d	-	-	-	-	-	-	-	-
καιρίας	καίριος	3	a	-	s	-	-	-	f	g	-
πληγῆς	πληγή	4	n	-	s	-	-	-	f	g	-
τυχεῖν	τυγχάνω	5	v	-	-	a	n	a	-	-	-
,	,	6	u	-	-	-	-	-	-	-	-
ὡς	ὡς	7	c	-	-	-	-	-	-	-	-
ἀσφάδαστος	ἀσφάδαστος	8	a	-	s	-	-	-	f	n	-
,	,	9	u	-	-	-	-	-	-	-	-
αἱμάτων	αἷμα	10	n	-	p	-	-	-	n	g	-
εὐθνησίμων	εὐθνήσιμος	11	a	-	p	-	-	-	n	g	-
ἀπορρυέντων	ἀπορρέω	12	v	-	p	a	p	p	n	g	-
,	,	13	u	-	-	-	-	-	-	-	-
ὄμμα	ὄμμα	14	n	-	s	-	-	-	n	a	-
συμβάλω	συμβάλλω	15	v	1	s	a	s	a	-	-	-
τόδε	ὅδε	16	p	-	s	-	-	-	n	a	-
.	.	17	u	-	-	-	-	-	-	-	-

ὦ	ὦ	1	i	-	-	-	-	-	-	-	-
πολλὰ	πολύς	2	a	-	p	-	-	-	n	a	-
μὲν	μέν	3	d	-	-	-	-	-	-	-	-
τάλαινα	τάλας	4	a	-	s	-	-	-	f	v	-
,	,	5	u	-	-	-	-	-	-	-	-
πολλὰ	πολύς	6	a	-	p	-	-	-	n	a	-
δ'	δέ	7	d	-	-	-	-	-	-	-	-
αὖ	αὖ	8	d	-	-	-	-	-	-	-	-
σοφὴ	σοφός	9	a	-	s	-	-	-	f	v	-
γύναι	γυνή	10	n	-	s	-	-	-	f	v	-
,	,	11	u	-	-	-	-	-	-	-	-
μακρὰν	μακράν	12	d	-	-	-	-	-	-	-	-
ἔτεινας	τείνω	13	v	2	s	a	i	a	-	-	-
.	.	14	u	-	-	-	-	-	-	-	-

εἰ	εἰ	1	c	-	-	-	-	-	-	-	-
δ'	δέ	2	d	-	-	-	-	-	-	-	-
ἐτητύμως	ἐτήτυμος	3	d	-	-	-	-	-	-	-	-
μόρον	μόρος	4	n	-	s	-	-	-	m	a	-
τὸν	ὁ	5	l	-	s	-	-	-	m	a	-
αὑτῆς	ἑαυτοῦ	6	p	-	s	-	-	-	f	g	-
οἶσθα	οἶδα	7	v	2	s	r	i	a	-	-	-
,	,	8	u	-	-	-	-	-	-	-	-
πῶς	πῶς	9	d	-	-	-	-	-	-	-	-
θεηλάτου	θεήλατος	10	a	-	s	-	-	-	f	g	-
βοὸς	βοῦς	11	n	-	s	-	-	-	f	g	-
δίκην	δίκη	12	n	-	s	-	-	-	f	a	-
πρὸς	πρός	13	r	-	-	-	-	-	-	-	-
βωμὸν	βωμός	14	n	-	s	-	-	-	m	a	-
εὐτόλμως	εὔτολμος	15	d	-	-	-	-	-	-	-	-
πατεῖς	πατέω	16	v	2	s	p	i	a	-	-	-
;	;	17	u	-	-	-	-	-	-	-	-

οὐκ	οὐ	1	d	-	-	-	-	-	-	-	-
ἔστ'	εἰμί	2	v	3	s	p	i	a	-	-	-
ἄλυξις	ἄλυξις	3	n	-	s	-	-	-	f	n	-
,	,	4	u	-	-	-	-	-	-	-	-
οὔ	οὐ	5	d	-	-	-	-	-	-	-	-
,	,	6	u	-	-	-	-	-	-	-	-
ξένοι	ξένος	7	n	-	p	-	-	-	m	v	-
,	,	8	u	-	-	-	-	-	-	-	-
χρόνον	χρόνος	9	n	-	s	-	-	-	m	a	-
πλέω	πλείων	10	a	-	p	-	-	-	n	a	c
.	.	11	u	-	-	-	-	-	-	-	-

ὁ	ὁ	1	l	-	s	-	-	-	m	n	-
δ'	δέ	2	d	-	-	-	-	-	-	-	-
ὕστατός	ὕστερος	3	a	-	s	-	-	-	m	n	-
γε	γε	4	d	-	-	-	-	-	-	-	-
τοῦ	ὁ	5	l	-	s	-	-	-	m	g	-
χρόνου	χρόνος	6	n	-	s	-	-	-	m	g	-
πρεσβεύεται	πρεσβεύω	7	v	3	s	p	i	e	-	-	-
,	,	8	u	-	-	-	-	-	-	-	-

ἥκει	ἥκω	1	v	3	s	p	i	a	-	-	-
τόδ'	ὅδε	2	p	-	s	-	-	-	n	n	-
ἦμαρ	ἦμαρ	3	n	-	s	-	-	-	n	n	-
·	·	4	u	-	-	-	-	-	-	-	-

σμικρὰ	σμικρός	1	a	-	p	-	-	-	n	a	-
κερδανῶ	κερδαίνω	2	v	1	s	f	i	a	-	-	-
φυγῇ	φυγή	3	n	-	s	-	-	-	f	d	-
.	.	4	u	-	-	-	-	-	-	-	-

ἀλλ'	ἀλλά	1	d	-	-	-	-	-	-	-	-
ἴσθι	οἶδα	2	v	2	s	r	m	a	-	-	-
τλήμων	τλήμων	3	a	-	s	-	-	-	f	n	-
οὖσ'	εἰμί	4	v	-	s	p	p	a	f	n	-
ἀπ'	ἀπό	5	r	-	-	-	-	-	-	-	-
εὐτόλμου	εὔτολμος	6	a	-	s	-	-	-	f	g	-
φρενός	φρήν	7	n	-	s	-	-	-	f	g	-
.	.	8	u	-	-	-	-	-	-	-	-

οὐδεὶς	οὐδείς	1	p	-	s	-	-	-	m	-	-
ἀκούει	ἀκούω	2	v	3	s	p	i	a	-	-	-
ταῦτα	οὗτος	3	p	-	p	-	-	-	n	a	-
τῶν	ὁ	4	l	-	p	-	-	-	m	g	-
εὐδαιμόνων	εὐδαίμων	5	a	-	p	-	-	-	m	g	-
.	.	6	u	-	-	-	-	-	-	-	-

ἀλλ'	ἀλλά	1	d	-	-	-	-	-	-	-	-
εὐκλεῶς	εὐκλεής	2	d	-	-	-	-	-	-	-	-
τοι	τοι	3	d	-	-	-	-	-	-	-	-
κατθανεῖν	καταθνήσκω	4	v	-	-	a	n	a	-	-	-
χάρις	χάρις	5	n	-	s	-	-	-	f	n	-
βροτῷ	βροτός	6	n	-	s	-	-	-	m	d	-
.	.	7	u	-	-	-	-	-	-	-	-

ἰὼ	ἰώ	1	i	-	-	-	-	-	-	-	-
πάτερ	πατήρ	2	n	-	s	-	-	-	m	v	-
σοῦ	σύ	3	p	-	s	-	-	-	-	g	-
σῶν	σός	4	p	-	p	-	-	-	m	g	-
τε	τε	5	c	-	-	-	-	-	-	-	-
γενναίων	γενναῖος	6	a	-	p	-	-	-	n	g	-
τέκνων	τέκνον	7	n	-	p	-	-	-	n	g	-
.	.	8	u	-	-	-	-	-	-	-	-

τί	τίς	1	p	-	s	-	-	-	n	n	-
δ'	δέ	2	d	-	-	-	-	-	-	-	-
ἐστὶ	εἰμί	3	v	3	s	p	i	a	-	-	-
χρῆμα	χρῆμα	4	n	-	s	-	-	-	n	n	-
;	;	5	u	-	-	-	-	-	-	-	-

τίς	τίς	1	p	-	s	-	-	-	m	n	-
σ'	σύ	2	p	-	s	-	-	-	-	a	-
ἀποστρέφει	ἀποστρέφω	3	v	3	s	p	i	a	-	-	-
φόβος	φόβος	4	n	-	s	-	-	-	m	n	-
;	;	5	u	-	-	-	-	-	-	-	-

τί	τίς	1	p	-	s	-	-	-	n	a	-
τοῦτ'	οὗτος	2	p	-	s	-	-	-	n	a	-
ἔφευξας	φεύζω	3	v	2	s	a	i	a	-	-	-
;	;	4	u	-	-	-	-	-	-	-	-

εἴ	εἰ	1	c	-	-	-	-	-	-	-	-
τι	τις	2	p	-	s	-	-	-	n	n	-
μὴ	μή	3	d	-	-	-	-	-	-	-	-
φρενῶν	φρήν	4	n	-	p	-	-	-	f	g	-
στύγος	στύγος	5	n	-	s	-	-	-	n	n	-
.	.	6	u	-	-	-	-	-	-	-	-

φόνον	φόνος	1	n	-	s	-	-	-	m	a	-
δόμοι	δόμος	2	n	-	p	-	-	-	m	n	-
πνέουσιν	πνέω	3	v	3	p	p	i	a	-	-	-
αἱματοσταγῆ	αἱματοσταγής	4	a	-	s	-	-	-	m	a	-
,	,	5	u	-	-	-	-	-	-	-	-

καί	καί	1	c	-	-	-	-	-	-	-	-
πῶς	πῶς	2	d	-	-	-	-	-	-	-	-
;	;	3	u	-	-	-	-	-	-	-	-

τόδ'	ὅδε	1	p	-	s	-	-	-	n	n	-
ὄζει	ὄζω	2	v	3	s	p	i	a	-	-	-
θυμάτων	θῦμα	3	n	-	p	-	-	-	n	g	-
ἐφεστίων	ἐφέστιος	4	a	-	p	-	-	-	n	g	-
.	.	5	u	-	-	-	-	-	-	-	-

ὅμοιος	ὁμοῖος	1	a	-	s	-	-	-	m	n	-
ἀτμὸς	ἀτμός	2	n	-	s	-	-	-	m	n	-
ὥσπερ	ὥσπερ	3	c	-	-	-	-	-	-	-	-
ἐκ	ἐκ	4	r	-	-	-	-	-	-	-	-
τάφου	τάφος	5	n	-	s	-	-	-	m	g	-
πρέπει	πρέπω	6	v	3	s	p	i	a	-	-	-
,	,	7	u	-	-	-	-	-	-	-	-

οὐ	οὐ	1	d	-	-	-	-	-	-	-	-
Σύριον	Σύριος	2	a	-	s	-	-	-	n	a	-
ἀγλάισμα	ἀγλάισμα	3	n	-	s	-	-	-	n	a	-
δώμασιν	δῶμα	4	n	-	p	-	-	-	n	d	-
λέγεις	λέγω	5	v	2	s	p	i	a	-	-	-
.	.	6	u	-	-	-	-	-	-	-	-

ἀλλ'	ἀλλά	1	d	-	-	-	-	-	-	-	-
εἶμι	εἶμι	2	v	1	s	p	i	a	-	-	-
κ	καί	3	c	-	-	-	-	-	-	-	-
ἀν	ἐν	4	r	-	-	-	-	-	-	-	-
δόμοισι	δόμος	5	n	-	p	-	-	-	m	d	-
κωκύσουσ'	κωκύω	6	v	-	p	f	p	a	f	n	-
ἐμὴν	ἐμός	7	p	-	s	-	-	-	f	a	-
Ἀγαμέμνονός	Ἀγαμέμνων	8	n	-	s	-	-	-	m	g	-
τε	τε	9	c	-	-	-	-	-	-	-	-
μοῖραν	μοῖρα	10	n	-	s	-	-	-	f	a	-
.	.	11	u	-	-	-	-	-	-	-	-

ἀρκείτω	ἀρκέω	1	v	3	s	p	m	a	-	-	-
βίος	βίος	2	n	-	s	-	-	-	m	n	-
.	.	3	u	-	-	-	-	-	-	-	-

ἰὼ	ἰώ	1	i	-	-	-	-	-	-	-	-
ξένοι	ξένος	2	n	-	p	-	-	-	m	v	-
,	,	3	u	-	-	-	-	-	-	-	-
οὔτοι	οὔτοι	4	d	-	-	-	-	-	-	-	-
δυσοίζω	δυσοίζω	5	v	1	s	p	i	a	-	-	-
θάμνον	θάμνος	6	n	-	s	-	-	-	m	a	-
ὡς	ὡς	7	c	-	-	-	-	-	-	-	-
ὄρνις	ὄρνις	8	n	-	s	-	-	-	m	n	-
φόβῳ	φόβος	9	n	-	s	-	-	-	m	d	-
ἄλλως	ἄλλως	10	d	-	-	-	-	-	-	-	-
·	·	11	u	-	-	-	-	-	-	-	-

θανούσῃ	θνήσκω	1	v	-	s	a	p	a	f	d	-
μαρτυρεῖτέ	μαρτυρέω	2	v	2	p	p	m	a	-	-	-
μοι	ἐγώ	3	p	-	s	-	-	-	f	d	-
τόδε	ὅδε	4	p	-	s	-	-	-	n	a	-
,	,	5	u	-	-	-	-	-	-	-	-
ὅταν	ὅταν	6	c	-	-	-	-	-	-	-	-
γυνὴ	γυνή	7	n	-	s	-	-	-	f	n	-
γυναικὸς	γυνή	8	n	-	s	-	-	-	f	g	-
ἀντ'	ἀντί	9	r	-	-	-	-	-	-	-	-
ἐμοῦ	ἐγώ	10	p	-	s	-	-	-	f	g	-
θάνῃ	θνήσκω	11	v	3	s	a	s	a	-	-	-
,	,	12	u	-	-	-	-	-	-	-	-
ἀνήρ	ἀνήρ	13	n	-	s	-	-	-	m	n	-
τε	τε	14	c	-	-	-	-	-	-	-	-
δυσδάμαρτος	δύσδαμαρ	15	a	-	s	-	-	-	m	g	-
ἀντ'	ἀντί	16	r	-	-	-	-	-	-	-	-
ἀνδρὸς	ἀνήρ	17	n	-	s	-	-	-	m	g	-
πέσῃ	πίπτω	18	v	3	s	a	s	a	-	-	-
.	.	19	u	-	-	-	-	-	-	-	-

ἐπιξενοῦμαι	ἐπιξενόομαι	1	v	1	s	p	i	e	-	-	-
ταῦτα	οὗτος	2	p	-	p	-	-	-	n	a	-
δ'	δέ	3	d	-	-	-	-	-	-	-	-
ὡς	ὡς	4	c	-	-	-	-	-	-	-	-
θανουμένη	θνήσκω	5	v	-	s	f	p	m	f	n	-
.	.	6	u	-	-	-	-	-	-	-	-

ὦ	ὦ	1	i	-	-	-	-	-	-	-	-
τλῆμον	τλήμων	2	a	-	s	-	-	-	f	v	-
,	,	3	u	-	-	-	-	-	-	-	-
οἰκτίρω	οἰκτείρω	4	v	1	s	p	i	a	-	-	-
σε	σύ	5	p	-	s	-	-	-	-	a	-
θεσφάτου	θέσφατος	6	a	-	s	-	-	-	m	g	-
μόρου	μόρος	7	n	-	s	-	-	-	m	g	-
.	.	8	u	-	-	-	-	-	-	-	-

ἅπαξ	ἅπαξ	1	d	-	-	-	-	-	-	-	-
ἔτ'	ἔτι	2	d	-	-	-	-	-	-	-	-
εἰπεῖν	εἶπον	3	v	-	-	a	n	a	-	-	-
ῥῆσιν	ῥῆσις	4	n	-	s	-	-	-	f	a	-
οὐ	οὐ	5	d	-	-	-	-	-	-	-	-
θρῆνον	θρῆνος	6	n	-	s	-	-	-	m	a	-
θέλω	ἐθέλω	7	v	1	s	p	i	a	-	-	-
ἐμὸν	ἐμός	8	p	-	s	-	-	-	m	a	-
τὸν	ὁ	9	l	-	s	-	-	-	m	a	-
αὐτῆς	αὐτός	10	p	-	s	-	-	-	f	g	-
.	.	11	u	-	-	-	-	-	-	-	-

ἡλίῳ	ἥλιος	1	n	-	s	-	-	-	m	d	-
δ'	δέ	2	d	-	-	-	-	-	-	-	-
ἐπεύχομαι	ἐπεύχομαι	3	v	1	s	p	i	e	-	-	-
πρὸς	πρός	4	r	-	-	-	-	-	-	-	-
ὕστατον	ὕστερος	5	a	-	s	-	-	-	n	a	-
φῶς	φάος	6	n	-	s	-	-	-	n	a	-
?	?	7	u	-	-	-	-	-	-	-	-
τοῖς	ὁ	8	l	-	p	-	-	-	m	d	-
ἐμοῖς	ἐμός	9	p	-	p	-	-	-	m	d	-
τιμαόροις	τιμάορος	10	a	-	p	-	-	-	m	d	-
ἐχθροῖς	ἐχθρός	11	a	-	p	-	-	-	m	d	-
φονεῦσι	φονεύς	12	n	-	p	-	-	-	m	d	-
τοῖς	ὁ	13	l	-	-	-	-	-	-	-	-
ἐμοῖς	ἐμός	14	p	-	s	-	-	-	f	a	-
τίνειν	τίνω	15	v	-	-	p	n	a	-	-	-
ὁμοῦ	ὁμοῦ	16	d	-	-	-	-	-	-	-	-
,	,	17	u	-	-	-	-	-	-	-	-
?	?	18	u	-	-	-	-	-	-	-	-
δούλης	δούλη	19	n	-	s	-	-	-	f	g	-
θανούσης	θνήσκω	20	v	-	s	a	p	a	f	g	-
,	,	21	u	-	-	-	-	-	-	-	-
εὐμαροῦς	εὐμαρής	22	a	-	s	-	-	-	n	g	-
χειρώματος	χείρωμα	23	n	-	s	-	-	-	n	g	-
.	.	24	u	-	-	-	-	-	-	-	-

ἰὼ	ἰώ	1	i	-	-	-	-	-	-	-	-
βρότεια	βρότειος	2	a	-	p	-	-	-	n	a	-
πράγματ'	πρᾶγμα	3	n	-	p	-	-	-	n	a	-
·	·	4	u	-	-	-	-	-	-	-	-

εὐτυχοῦντα	εὐτυχέω	1	v	-	p	p	p	a	n	a	-
μὲν	μέν	2	d	-	-	-	-	-	-	-	-
σκιά	σκιά	3	n	-	s	-	-	-	f	n	-
τις	τις	4	p	-	s	-	-	-	f	n	-
ἂν	ἄν1	5	d	-	-	-	-	-	-	-	-
τρέψειεν	τρέπω	6	v	3	s	a	o	a	-	-	-
·	·	7	u	-	-	-	-	-	-	-	-

εἰ	εἰ	1	c	-	-	-	-	-	-	-	-
δὲ	δέ	2	d	-	-	-	-	-	-	-	-
δυστυχῇ	δυστυχέω	3	v	3	s	p	s	a	-	-	-
,	,	4	u	-	-	-	-	-	-	-	-
βολαῖς	βολή	5	n	-	p	-	-	-	f	d	-
ὑγρώσσων	ὑγρώσσω	6	v	-	s	p	p	a	m	n	-
σπόγγος	σπόγγος	7	n	-	s	-	-	-	m	n	-
ὤλεσεν	ὄλλυμι	8	v	3	s	a	i	a	-	-	-
γραφήν	γραφή	9	n	-	s	-	-	-	f	a	-
.	.	10	u	-	-	-	-	-	-	-	-

καὶ	καί	1	c	-	-	-	-	-	-	-	-
ταῦτ'	οὗτος	2	p	-	p	-	-	-	n	a	-
ἐκείνων	ἐκεῖνος	3	p	-	p	-	-	-	m	g	-
μᾶλλον	μᾶλλον	4	d	-	-	-	-	-	-	-	c
οἰκτίρω	οἰκτίρω	5	v	1	s	p	i	a	-	-	-
πολύ	πολύς	6	a	-	s	-	-	-	n	a	-
.	.	7	u	-	-	-	-	-	-	-	-

τὸ	ὁ	1	l	-	s	-	-	-	n	n	-
μὲν	μέν	2	d	-	-	-	-	-	-	-	-
εὖ	εὖ	3	d	-	-	-	-	-	-	-	-
πράσσειν	πράσσω	4	v	-	-	p	n	a	-	-	-
ἀκόρεστον	ἀκόρεστος	5	a	-	s	-	-	-	n	n	-
ἔφυ	φύω	6	v	3	s	a	i	a	-	-	-
πᾶσι	πᾶς	7	p	-	p	-	-	-	m	d	-
βροτοῖσιν	βροτός	8	n	-	p	-	-	-	m	d	-
·	·	9	u	-	-	-	-	-	-	-	-

δακτυλοδείκτων	δακτυλόδεικτος	1	a	-	p	-	-	-	n	g	-
δ'	δέ	2	d	-	-	-	-	-	-	-	-
οὔτις	οὔτις	3	p	-	s	-	-	-	m	n	-
ἀπειπὼν	ἀπεῖπον	4	v	-	s	a	p	a	m	n	-
εἴργει	ἔργω	5	v	3	s	p	i	a	-	-	-
μελάθρων	μέλαθρον	6	n	-	p	-	-	-	n	g	-
,	,	7	u	-	-	-	-	-	-	-	-
μηκέτ'	μηκέτι	8	d	-	-	-	-	-	-	-	-
ἐσέλθῃς	εἰσέρχομαι	9	v	2	s	a	s	a	-	-	-
,	,	10	u	-	-	-	-	-	-	-	-
τάδε	ὅδε	11	p	-	p	-	-	-	n	a	-
φωνῶν	φωνέω	12	v	-	s	p	p	a	m	n	-
.	.	13	u	-	-	-	-	-	-	-	-

καὶ	καί	1	c	-	-	-	-	-	-	-	-
τῷδε	ὅδε	2	p	-	s	-	-	-	m	d	-
πόλιν	πόλις	3	n	-	s	-	-	-	f	a	-
μὲν	μέν	4	d	-	-	-	-	-	-	-	-
ἑλεῖν	αἱρέω	5	v	-	-	a	n	a	-	-	-
ἔδοσαν	δίδωμι	6	v	3	p	a	i	a	-	-	-
μάκαρες	μάκαρ	7	n	-	p	-	-	-	m	n	-
Πριάμου	Πρίαμος	8	n	-	s	-	-	-	m	g	-
·	·	9	u	-	-	-	-	-	-	-	-

θεοτίμητος	θεοτίμητος	1	a	-	s	-	-	-	m	n	-
δ'	δέ	2	d	-	-	-	-	-	-	-	-
οἴκαδ'	οἴκαδε	3	d	-	-	-	-	-	-	-	-
ἱκάνει	ἱκάνω	4	v	3	s	p	i	a	-	-	-
.	.	5	u	-	-	-	-	-	-	-	-

νῦν	νῦν	1	d	-	-	-	-	-	-	-	-
δ'	δέ	2	d	-	-	-	-	-	-	-	-
εἰ	εἰ	3	c	-	-	-	-	-	-	-	-
προτέρων	πρότερος	4	a	-	p	-	-	-	m	g	-
αἷμ'	αἷμα	5	n	-	s	-	-	-	n	a	-
ἀποτείσῃ	ἀποτίνω	6	v	3	s	a	s	a	-	-	-
καὶ	καί	7	c	-	-	-	-	-	-	-	-
τοῖσι	ὁ	8	l	-	p	-	-	-	m	d	-
θανοῦσι	θνήσκω	9	v	-	p	a	p	a	m	d	-
θανὼν	θνήσκω	10	v	-	s	a	p	a	m	n	-
ἄλλων	ἄλλος	11	p	-	p	-	-	-	m	g	-
ποινὰς	ποινή	12	n	-	p	-	-	-	f	a	-
θανάτων	θάνατος	13	n	-	p	-	-	-	m	g	-
ἐπικράνῃ	ἐπικραίνω	14	v	3	s	a	s	a	-	-	-
,	,	15	u	-	-	-	-	-	-	-	-
τίς	τίς	16	p	-	s	-	-	-	m	n	-
ἂν	ἄν1	17	d	-	-	-	-	-	-	-	-
ἐξεύξαιτο	ἐξεύχομαι	18	v	3	s	a	o	m	-	-	-
βροτῶν	βροτός	19	n	-	p	-	-	-	m	g	-
ἀσινεῖ	ἀσινής	20	a	-	s	-	-	-	m	d	-
δαίμονι	δαίμων	21	n	-	s	-	-	-	m	d	-
φῦναι	φύω	22	v	-	-	a	n	a	-	-	-
τάδ'	ὅδε	23	p	-	p	-	-	-	n	a	-
ἀκούων	ἀκούω	24	v	-	s	p	p	a	m	n	-
;	;	25	u	-	-	-	-	-	-	-	-

ὤμοι	ὤμοι	1	i	-	-	-	-	-	-	-	-
,	,	2	u	-	-	-	-	-	-	-	-
πέπληγμαι	πλήσσω	3	v	1	s	r	i	e	-	-	-
καιρίαν	καίριος	4	a	-	s	-	-	-	f	a	-
πληγὴν	πληγή	5	n	-	s	-	-	-	f	a	-
ἔσω	ἔσω	6	r	-	-	-	-	-	-	-	-
.	.	7	u	-	-	-	-	-	-	-	-

σῖγα	σῖγα	1	d	-	-	-	-	-	-	-	-
·	·	2	u	-	-	-	-	-	-	-	-

τίς	τίς	1	p	-	s	-	-	-	m	n	-
πληγὴν	πληγή	2	n	-	s	-	-	-	f	a	-
ἀυτεῖ	ἀυτέω	3	v	3	s	p	i	a	-	-	-
καιρίως	καίριος	4	d	-	-	-	-	-	-	-	-
οὐτασμένος	οὐτάζω	5	v	-	s	r	p	e	m	n	-
;	;	6	u	-	-	-	-	-	-	-	-

ὤμοι	ὤμοι	1	i	-	-	-	-	-	-	-	-
μάλ'	μάλα	2	d	-	-	-	-	-	-	-	-
αὖθις	αὖθις	3	d	-	-	-	-	-	-	-	-
,	,	4	u	-	-	-	-	-	-	-	-
δευτέραν	δεύτερος	5	a	-	s	-	-	-	f	a	-
πεπληγμένος	πλήσσω	6	v	-	s	r	p	e	m	n	-
.	.	7	u	-	-	-	-	-	-	-	-

τοὔργον	ἔργον	1	n	-	s	-	-	-	n	a	-
εἰργάσθαι	ἐργάζομαι	2	v	-	-	r	n	e	-	-	-
δοκεῖ	δοκέω	3	v	3	s	p	i	a	-	-	-
μοι	ἐγώ	4	p	-	s	-	-	-	m	d	-
βασιλέως	βασιλεύς	5	n	-	s	-	-	-	m	g	-
οἰμώγμασιν	οἴμωγμα	6	n	-	p	-	-	-	n	d	-
.	.	7	u	-	-	-	-	-	-	-	-

ἀλλὰ	ἀλλά	1	d	-	-	-	-	-	-	-	-
κοινωσώμεθ'	κοινόω	2	v	1	p	a	s	m	-	-	-
ἤν	ἐάν	3	c	-	-	-	-	-	-	-	-
πως	πως	4	d	-	-	-	-	-	-	-	-
ἀσφαλῆ	ἀσφαλής	5	a	-	p	-	-	-	n	n	-
βουλεύματα	βούλευμα	6	n	-	p	-	-	-	n	n	-
.	.	7	u	-	-	-	-	-	-	-	-

-	-	1	u	-	-	-	-	-	-	-	-
ἐγὼ	ἐγώ	2	p	-	s	-	-	-	m	n	-
μὲν	μέν	3	d	-	-	-	-	-	-	-	-
ὑμῖν	σύ	4	p	-	p	-	-	-	-	d	-
τὴν	ὁ	5	l	-	s	-	-	-	f	a	-
ἐμὴν	ἐμός	6	p	-	s	-	-	-	f	a	-
γνώμην	γνώμη	7	n	-	s	-	-	-	f	a	-
λέγω	λέγω	8	v	1	s	p	i	a	-	-	-
,	,	9	u	-	-	-	-	-	-	-	-
πρὸς	πρός	10	r	-	-	-	-	-	-	-	-
δῶμα	δῶμα	11	n	-	s	-	-	-	n	a	-
δεῦρ'	δεῦρο	12	d	-	-	-	-	-	-	-	-
ἀστοῖσι	ἀστός	13	n	-	p	-	-	-	m	d	-
κηρύσσειν	κηρύσσω	14	v	-	-	p	n	a	-	-	-
βοήν	βοή	15	n	-	s	-	-	-	f	a	-
.	.	16	u	-	-	-	-	-	-	-	-

-	-	1	u	-	-	-	-	-	-	-	-
-	-	2	u	-	-	-	-	-	-	-	-
ἐμοὶ	ἐγώ	3	p	-	s	-	-	-	m	d	-
δ'	δέ	4	d	-	-	-	-	-	-	-	-
ὅπως	ὅπως	5	c	-	-	-	-	-	-	-	-
τάχιστά	ταχύς	6	a	-	p	-	-	-	n	a	-
γ'	γε	7	d	-	-	-	-	-	-	-	-
ἐμπεσεῖν	ἐμπίπτω	8	v	-	-	a	n	a	-	-	-
δοκεῖ	δοκέω	9	v	3	s	p	i	a	-	-	-
καὶ	καί	10	c	-	-	-	-	-	-	-	-
πρᾶγμ'	πρᾶγμα	11	n	-	s	-	-	-	n	a	-
ἐλέγχειν	ἐλέγχω	12	v	-	-	p	n	a	-	-	-
σὺν	σύν	13	r	-	-	-	-	-	-	-	-
νεορρύτῳ	νεόρρυτος	14	a	-	s	-	-	-	n	d	-
ξίφει	ξίφος	15	n	-	s	-	-	-	n	d	-
.	.	16	u	-	-	-	-	-	-	-	-

-	-	1	u	-	-	-	-	-	-	-	-
-	-	2	u	-	-	-	-	-	-	-	-
κ	καί	3	c	-	-	-	-	-	-	-	-
ἀγὼ	ἐγώ	4	p	-	s	-	-	-	m	n	-
τοιούτου	τοιοῦτος	5	p	-	s	-	-	-	n	g	-
γνώματος	γνῶμα	6	n	-	s	-	-	-	n	g	-
κοινωνὸς	κοινωνός	7	n	-	s	-	-	-	m	n	-
ὢν	εἰμί	8	v	-	s	p	p	a	m	n	-
ψηφίζομαί	ψηφίζω	9	v	1	s	p	i	e	-	-	-
τι	τις	10	p	-	s	-	-	-	n	a	-
δρᾶν	δράω	11	v	-	-	p	n	a	-	-	-
·	·	12	u	-	-	-	-	-	-	-	-

τὸ	ὁ	1	l	-	s	-	-	-	n	a	-
μὴ	μή	2	d	-	-	-	-	-	-	-	-
μέλλειν	μέλλω	3	v	-	-	p	n	a	-	-	-
δ'	δέ	4	d	-	-	-	-	-	-	-	-
ἀκμή	ἀκμή	5	n	-	s	-	-	-	f	n	-
.	.	6	u	-	-	-	-	-	-	-	-

-	-	1	u	-	-	-	-	-	-	-	-
-	-	2	u	-	-	-	-	-	-	-	-
ὁρᾶν	ὁράω	3	v	-	-	p	n	a	-	-	-
πάρεστι	πάρειμι	4	v	3	s	p	i	a	-	-	-
·	·	5	u	-	-	-	-	-	-	-	-

φροιμιάζονται	φροιμιάζομαι	1	v	3	p	p	i	e	-	-	-
γὰρ	γάρ	2	d	-	-	-	-	-	-	-	-
ὡς	ὡς	3	c	-	-	-	-	-	-	-	-
τυραννίδος	τυραννίς	4	n	-	s	-	-	-	f	g	-
σημεῖα	σημεῖον	5	n	-	p	-	-	-	n	a	-
πράσσοντες	πράσσω	6	v	-	p	p	p	a	m	n	-
πόλει	πόλις	7	n	-	s	-	-	-	f	d	-
.	.	8	u	-	-	-	-	-	-	-	-

-	-	1	u	-	-	-	-	-	-	-	-
-	-	2	u	-	-	-	-	-	-	-	-
χρονίζομεν	χρονίζω	3	v	1	p	p	i	a	-	-	-
γάρ	γάρ	4	d	-	-	-	-	-	-	-	-
.	.	5	u	-	-	-	-	-	-	-	-

οἱ	ὁ	1	p	-	p	-	-	-	m	n	-
δὲ	δέ	2	d	-	-	-	-	-	-	-	-
τῆς	ὁ	3	l	-	s	-	-	-	f	g	-
μελλοῦς	μελλώ	4	n	-	s	-	-	-	f	g	-
κλέος	κλέος	5	n	-	s	-	-	-	n	n	-
πέδοι	πέδοι	6	d	-	-	-	-	-	-	-	-
πατοῦντες	πατέω	7	v	-	p	p	p	a	m	n	-
οὐ	οὐ	8	d	-	-	-	-	-	-	-	-
καθεύδουσιν	καθεύδω	9	v	3	p	p	i	a	-	-	-
χερί	χείρ	10	n	-	s	-	-	-	f	d	-
.	.	11	u	-	-	-	-	-	-	-	-

-	-	1	u	-	-	-	-	-	-	-	-
-	-	2	u	-	-	-	-	-	-	-	-
οὐκ	οὐ	3	d	-	-	-	-	-	-	-	-
οἶδα	οἶδα	4	v	1	s	r	i	a	-	-	-
βουλῆς	βουλή	5	n	-	s	-	-	-	f	g	-
ἧστινος	ὅστις	6	p	-	s	-	-	-	f	g	-
τυχὼν	τυγχάνω	7	v	-	s	a	p	a	m	n	-
λέγω	λέγω	8	v	1	s	p	s	a	-	-	-
.	.	9	u	-	-	-	-	-	-	-	-

τοῦ	ὁ	1	l	-	s	-	-	-	m	g	-
δρῶντός	δράω	2	v	-	s	p	p	a	m	g	-
ἐστι	εἰμί	3	v	3	s	p	i	a	-	-	-
καὶ	καί	4	c	-	-	-	-	-	-	-	-
τὸ	ὁ	5	l	-	s	-	-	-	n	n	-
βουλεῦσαι	βουλεύω	6	v	-	-	a	n	a	-	-	-
πέρι	περί	7	r	-	-	-	-	-	-	-	-
.	.	8	u	-	-	-	-	-	-	-	-

-	-	1	u	-	-	-	-	-	-	-	-
-	-	2	u	-	-	-	-	-	-	-	-
κ	καί	3	c	-	-	-	-	-	-	-	-
ἀγὼ	ἐγώ	4	p	-	s	-	-	-	m	n	-
τοιοῦτός	τοιοῦτος	5	p	-	s	-	-	-	m	n	-
εἰμ'	εἰμί	6	v	1	s	p	i	a	-	-	-
,	,	7	u	-	-	-	-	-	-	-	-
ἐπεὶ	ἐπεί	8	c	-	-	-	-	-	-	-	-
δυσμηχανῶ	δυσμηχανέω	9	v	1	s	p	i	a	-	-	-
λόγοισι	λόγος	10	n	-	p	-	-	-	m	d	-
τὸν	ὁ	11	l	-	s	-	-	-	m	a	-
θανόντ'	θνήσκω	12	v	-	s	a	p	a	m	a	-
ἀνιστάναι	ἀνίστημι	13	v	-	-	p	n	a	-	-	-
πάλιν	πάλιν	14	d	-	-	-	-	-	-	-	-
.	.	15	u	-	-	-	-	-	-	-	-

-	-	1	u	-	-	-	-	-	-	-	-
-	-	2	u	-	-	-	-	-	-	-	-
ἦ	ἦ	3	d	-	-	-	-	-	-	-	-
καὶ	καί	4	c	-	-	-	-	-	-	-	-
βίον	βίος	5	n	-	s	-	-	-	m	a	-
τείνοντες	τείνω	6	v	-	p	p	p	a	m	n	-
ὧδ'	ὧδε	7	d	-	-	-	-	-	-	-	-
ὑπείξομεν	ὑπείκω	8	v	1	p	f	i	a	-	-	-
δόμων	δόμος	9	n	-	p	-	-	-	m	g	-
καταισχυντῆρσι	καταισχυντήρ	10	n	-	p	-	-	-	m	d	-
τοῖσδ'	ὅδε	11	p	-	p	-	-	-	m	d	-
ἡγουμένοις	ἡγέομαι	12	v	-	p	p	p	e	m	d	-
;-	;-	13	-	-	-	-	-	-	-	-	-

-	-	1	u	-	-	-	-	-	-	-	-
ἀλλ'	ἀλλά	2	d	-	-	-	-	-	-	-	-
οὐκ	οὐ	3	d	-	-	-	-	-	-	-	-
ἀνεκτόν	ἀνεκτός	4	a	-	s	-	-	-	n	n	-
,	,	5	u	-	-	-	-	-	-	-	-
ἀλλὰ	ἀλλά	6	d	-	-	-	-	-	-	-	-
κατθανεῖν	καταθνήσκω	7	v	-	-	a	n	a	-	-	-
κρατεῖ	κρατέω	8	v	3	s	p	i	a	-	-	-
·	·	9	u	-	-	-	-	-	-	-	-

πεπαιτέρα	πέπων	1	a	-	s	-	-	-	f	n	c
γὰρ	γάρ	2	d	-	-	-	-	-	-	-	-
μοῖρα	μοῖρα	3	n	-	s	-	-	-	f	n	-
τῆς	ὁ	4	l	-	s	-	-	-	f	g	-
τυραννίδος	τυραννίς	5	n	-	s	-	-	-	f	g	-
.	.	6	u	-	-	-	-	-	-	-	-

-	-	1	u	-	-	-	-	-	-	-	-
-	-	2	u	-	-	-	-	-	-	-	-
ἦ	ἦ	3	d	-	-	-	-	-	-	-	-
γὰρ	γάρ	4	d	-	-	-	-	-	-	-	-
τεκμηρίοισιν	τεκμήριον	5	n	-	p	-	-	-	n	d	-
ἐξ	ἐκ	6	r	-	-	-	-	-	-	-	-
οἰμωγμάτων	οἴμωγμα	7	n	-	p	-	-	-	n	g	-
μαντευσόμεσθα	μαντεύομαι	8	v	1	p	f	i	e	-	-	-
τἀνδρὸς	ἀνήρ	9	n	-	s	-	-	-	m	g	-
ὡς	ὡς	10	c	-	-	-	-	-	-	-	-
ὀλωλότος	ὄλλυμι	11	v	-	s	r	p	a	m	g	-
;-	;-	12	-	-	-	-	-	-	-	-	-

-	-	1	u	-	-	-	-	-	-	-	-
σάφ'	σάφα	2	d	-	-	-	-	-	-	-	-
εἰδότας	οἶδα	3	v	-	p	r	p	a	m	a	-
χρὴ	χρή	4	v	3	s	p	i	a	-	-	-
τῶνδε	ὅδε	5	p	-	p	-	-	-	n	g	-
θυμοῦσθαι	θυμόω	6	v	-	-	p	n	e	-	-	-
πέρι	περί	7	r	-	-	-	-	-	-	-	-
·	·	8	u	-	-	-	-	-	-	-	-

τὸ	ὁ	1	l	-	s	-	-	-	n	n	-
γὰρ	γάρ	2	d	-	-	-	-	-	-	-	-
τοπάζειν	τοπάζω	3	v	-	-	p	n	a	-	-	-
τοῦ	ὁ	4	l	-	s	-	-	-	n	g	-
σάφ'	σάφα	5	d	-	-	-	-	-	-	-	-
εἰδέναι	οἶδα	6	v	-	-	r	n	a	-	-	-
δίχα	δίχα	7	r	-	-	-	-	-	-	-	-
.	.	8	u	-	-	-	-	-	-	-	-

-	-	1	u	-	-	-	-	-	-	-	-
-	-	2	u	-	-	-	-	-	-	-	-
ταύτην	οὗτος	3	p	-	s	-	-	-	f	a	-
ἐπαινεῖν	ἐπαινέω	4	v	-	-	p	n	a	-	-	-
πάντοθεν	πάντοθεν	5	d	-	-	-	-	-	-	-	-
πληθύνομαι	πληθύνω	6	v	1	s	p	i	e	-	-	-
,	,	7	u	-	-	-	-	-	-	-	-
τρανῶς	τρανής	8	d	-	-	-	-	-	-	-	-
Ἀτρείδην	Ἀτρείδης	9	n	-	s	-	-	-	m	a	-
εἰδέναι	οἶδα	10	v	-	-	r	n	a	-	-	-
κυροῦνθ'	κυρόω	11	v	-	s	p	p	a	m	a	-
ὅπως	ὅπως	12	c	-	-	-	-	-	-	-	-
.	.	13	u	-	-	-	-	-	-	-	-

πολλῶν	πολύς	1	a	-	p	-	-	-	n	g	-
πάροιθεν	πάροιθε	2	d	-	-	-	-	-	-	-	-
καιρίως	καίριος	3	d	-	-	-	-	-	-	-	-
εἰρημένων	ἐρῶ	4	v	-	p	r	p	e	n	g	-
τἀναντί'	ἐναντίος	5	a	-	p	-	-	-	n	a	-
εἰπεῖν	εἶπον	6	v	-	-	a	n	a	-	-	-
οὐκ	οὐ	7	d	-	-	-	-	-	-	-	-
ἐπαισχυνθήσομαι	ἐπαισχύνομαι	8	v	1	s	f	i	p	-	-	-
.	.	9	u	-	-	-	-	-	-	-	-

πῶς	πῶς	1	d	-	-	-	-	-	-	-	-
γάρ	γάρ	2	d	-	-	-	-	-	-	-	-
τις	τις	3	p	-	s	-	-	-	m	n	-
ἐχθροῖς	ἐχθρός	4	a	-	p	-	-	-	m	d	-
ἐχθρὰ	ἐχθρός	5	a	-	p	-	-	-	n	a	-
πορσύνων	πορσύνω	6	v	-	s	p	p	a	m	n	-
,	,	7	u	-	-	-	-	-	-	-	-
φίλοις	φίλος	8	a	-	p	-	-	-	m	d	-
δοκοῦσιν	δοκέω	9	v	-	p	p	p	a	m	d	-
εἶναι	εἰμί	10	v	-	-	p	n	a	-	-	-
,	,	11	u	-	-	-	-	-	-	-	-
πημονῆς	πημονή	12	n	-	s	-	-	-	f	g	-
ἀρκύστατ'	ἀρκύστατος	13	a	-	p	-	-	-	n	a	-
ἂν	ἄν1	14	d	-	-	-	-	-	-	-	-
φράξειεν	φράσσω	15	v	3	s	a	o	a	-	-	-
,	,	16	u	-	-	-	-	-	-	-	-
ὕψος	ὕψος	17	n	-	s	-	-	-	n	a	-
κρεῖσσον	κρείσσων	18	a	-	s	-	-	-	n	a	c
ἐκπηδήματος	ἐκπήδημα	19	n	-	s	-	-	-	n	g	-
;	;	20	u	-	-	-	-	-	-	-	-

ἐμοὶ	ἐγώ	1	p	-	s	-	-	-	m	d	-
δ'	δέ	2	d	-	-	-	-	-	-	-	-
ἀγὼν	ἀγών	3	n	-	s	-	-	-	m	n	-
ὅδ'	ὅδε	4	p	-	s	-	-	-	m	n	-
οὐκ	οὐ	5	d	-	-	-	-	-	-	-	-
ἀφρόντιστος	ἀφρόντιστος	6	a	-	s	-	-	-	m	n	-
πάλαι	πάλαι	7	d	-	-	-	-	-	-	-	-
νείκης	νείκη	8	n	-	s	-	-	-	f	g	-
παλαιᾶς	παλαιός	9	a	-	s	-	-	-	f	g	-
ἦλθε	ἔρχομαι	10	v	3	s	a	i	a	-	-	-
,	,	11	u	-	-	-	-	-	-	-	-
σὺν	σύν	12	r	-	-	-	-	-	-	-	-
χρόνῳ	χρόνος	13	n	-	s	-	-	-	m	d	-
γε	γε	14	d	-	-	-	-	-	-	-	-
μήν	μήν	15	d	-	-	-	-	-	-	-	-
·	·	16	u	-	-	-	-	-	-	-	-

ἕστηκα	ἵστημι	1	v	1	s	r	i	a	-	-	-
δ'	δέ	2	d	-	-	-	-	-	-	-	-
ἔνθ'	ἔνθα	3	d	-	-	-	-	-	-	-	-
ἔπαισ'	παίω	4	v	1	s	a	i	a	-	-	-
ἐπ'	ἐπί	5	r	-	-	-	-	-	-	-	-
ἐξειργασμένοις	ἐξεργάζομαι	6	v	-	p	r	p	e	n	d	-
.	.	7	u	-	-	-	-	-	-	-	-

οὕτω	οὕτως	1	d	-	-	-	-	-	-	-	-
δ'	δέ	2	d	-	-	-	-	-	-	-	-
ἔπραξα	πράσσω	3	v	1	s	a	i	a	-	-	-
,	,	4	u	-	-	-	-	-	-	-	-
καὶ	καί	5	c	-	-	-	-	-	-	-	-
τάδ'	ὅδε	6	p	-	p	-	-	-	n	a	-
οὐκ	οὐ	7	d	-	-	-	-	-	-	-	-
ἀρνήσομαι	ἀρνέομαι	8	v	1	s	f	i	m	-	-	-
·	·	9	u	-	-	-	-	-	-	-	-

ὡς	ὡς	1	c	-	-	-	-	-	-	-	-
μή	μήτε	2	c	-	-	-	-	-	-	-	-
τε	μήτε	3	c	-	-	-	-	-	-	-	-
φεύγειν	φεύγω	4	v	-	-	p	n	a	-	-	-
μή	μήτε	5	c	-	-	-	-	-	-	-	-
τ'	μήτε	6	c	-	-	-	-	-	-	-	-
ἀμύνεσθαι	ἀμύνω	7	v	-	-	p	n	e	-	-	-
μόρον	μόρος	8	n	-	s	-	-	-	m	a	-
,	,	9	u	-	-	-	-	-	-	-	-
ἄπειρον	ἄπειρος	10	a	-	s	-	-	-	n	a	-
ἀμφίβληστρον	ἀμφίβληστρον	11	n	-	s	-	-	-	n	a	-
,	,	12	u	-	-	-	-	-	-	-	-
ὥσπερ	ὥσπερ	13	c	-	-	-	-	-	-	-	-
ἰχθύων	ἰχθύς	14	n	-	p	-	-	-	m	g	-
,	,	15	u	-	-	-	-	-	-	-	-
περιστιχίζω	περιστιχίζω	16	v	1	s	p	i	a	-	-	-
,	,	17	u	-	-	-	-	-	-	-	-
πλοῦτον	πλοῦτος	18	n	-	s	-	-	-	m	a	-
εἵματος	εἷμα	19	n	-	s	-	-	-	n	g	-
κακόν	κακός	20	a	-	s	-	-	-	m	a	-
.	.	21	u	-	-	-	-	-	-	-	-

παίω	παίω	1	v	1	s	p	i	a	-	-	-
δέ	δέ	2	d	-	-	-	-	-	-	-	-
νιν	νιν	3	p	-	s	-	-	-	m	a	-
δίς	δίς	4	d	-	-	-	-	-	-	-	-
·	·	5	u	-	-	-	-	-	-	-	-

κ	καί	1	c	-	-	-	-	-	-	-	-
ἀν	ἐν	2	r	-	-	-	-	-	-	-	-
δυοῖν	δύο	3	m	-	-	-	-	-	-	-	-
οἰμωγμάτοιν	οἴμωγμα	4	n	-	d	-	-	-	n	d	-
μεθῆκεν	μεθίημι	5	v	3	s	a	i	a	-	-	-
αὑτοῦ	ἑαυτοῦ	6	p	-	s	-	-	-	m	g	-
κῶλα	κῶλον	7	n	-	p	-	-	-	n	a	-
·	·	8	u	-	-	-	-	-	-	-	-

καὶ	καί	1	c	-	-	-	-	-	-	-	-
πεπτωκότι	πίπτω	2	v	-	s	r	p	a	m	d	-
τρίτην	τρίτος	3	a	-	s	-	-	-	f	a	-
ἐπενδίδωμι	ἐπενδίδωμι	4	v	1	s	p	i	a	-	-	-
,	,	5	u	-	-	-	-	-	-	-	-
τοῦ	ὁ	6	l	-	s	-	-	-	m	g	-
κατὰ	κατά	7	r	-	-	-	-	-	-	-	-
χθονὸς	χθών	8	n	-	s	-	-	-	f	g	-
Διὸς	Ζεύς	9	n	-	s	-	-	-	m	g	-
νεκρῶν	νεκρός	10	a	-	p	-	-	-	m	g	-
σωτῆρος	σωτήρ	11	n	-	s	-	-	-	m	g	-
εὐκταίαν	εὐκταῖος	12	a	-	s	-	-	-	f	a	-
χάριν	χάρις	13	n	-	s	-	-	-	f	a	-
.	.	14	u	-	-	-	-	-	-	-	-

οὕτω	οὕτως	1	d	-	-	-	-	-	-	-	-
τὸν	ὁ	2	l	-	s	-	-	-	m	a	-
αὑτοῦ	ἑαυτοῦ	3	p	-	s	-	-	-	m	g	-
θυμὸν	θυμός	4	n	-	s	-	-	-	m	a	-
ὁρμαίνει	ὁρμαίνω	5	v	3	s	p	i	a	-	-	-
πεσών	πίπτω	6	v	-	s	a	p	a	m	n	-
·	·	7	u	-	-	-	-	-	-	-	-

κ	καί	1	c	-	-	-	-	-	-	-	-
ἀκφυσιῶν	ἐκφυσιάω	2	v	-	s	p	p	a	m	n	-
ὀξεῖαν	ὀξύς	3	a	-	s	-	-	-	f	a	-
αἵματος	αἷμα	4	n	-	s	-	-	-	n	g	-
σφαγὴν	σφαγή	5	n	-	s	-	-	-	f	a	-
βάλλει	βάλλω	6	v	2	s	p	i	e	-	-	-
μ'	ἐγώ	7	p	-	s	-	-	-	m	a	-
ἐρεμνῇ	ἐρεμνός	8	a	-	s	-	-	-	f	d	-
ψακάδι	ψακάς	9	n	-	s	-	-	-	f	d	-
φοινίας	φοίνιος	10	a	-	s	-	-	-	f	g	-
δρόσου	δρόσος	11	n	-	s	-	-	-	f	g	-
,	,	12	u	-	-	-	-	-	-	-	-
χαίρουσαν	χαίρω	13	v	-	s	p	p	a	f	a	-
οὐδὲν	οὐδείς	14	p	-	s	-	-	-	n	a	-
ἧσσον	ἥσσων	15	a	-	s	-	-	-	n	a	c
ἢ	ἤ	16	c	-	-	-	-	-	-	-	-
διοσδότῳ	διόσδοτος	17	a	-	s	-	-	-	n	d	-
γάνει	γάνος	18	n	-	s	-	-	-	n	d	-
σπορητὸς	σπορητός	19	n	-	s	-	-	-	m	n	-
κάλυκος	κάλυξ	20	n	-	s	-	-	-	f	g	-
ἐν	ἐν	21	r	-	-	-	-	-	-	-	-
λοχεύμασιν	λόχευμα	22	n	-	p	-	-	-	n	d	-
.	.	23	u	-	-	-	-	-	-	-	-

ὡς	ὡς	1	c	-	-	-	-	-	-	-	-
ὧδ'	ὧδε	2	d	-	-	-	-	-	-	-	-
ἐχόντων	ἔχω	3	v	-	p	p	p	a	n	g	-
,	,	4	u	-	-	-	-	-	-	-	-
πρέσβος	πρέσβος	5	n	-	s	-	-	-	n	v	-
Ἀργείων	Ἀργεῖος	6	a	-	p	-	-	-	m	g	-
τόδε	ὅδε	7	p	-	s	-	-	-	n	v	-
,	,	8	u	-	-	-	-	-	-	-	-
χαίροιτ'	χαίρω	9	v	2	p	p	o	a	-	-	-
ἄν	ἄν1	10	d	-	-	-	-	-	-	-	-
,	,	11	u	-	-	-	-	-	-	-	-
εἰ	εἰ	12	c	-	-	-	-	-	-	-	-
χαίροιτ'	χαίρω	13	v	2	p	p	o	a	-	-	-
,	,	14	u	-	-	-	-	-	-	-	-
ἐγὼ	ἐγώ	15	p	-	s	-	-	-	m	n	-
δ'	δέ	16	d	-	-	-	-	-	-	-	-
ἐπεύχομαι	ἐπεύχομαι	17	v	1	s	p	i	e	-	-	-
.	.	18	u	-	-	-	-	-	-	-	-

εἰ	εἰ	1	c	-	-	-	-	-	-	-	-
δ'	δέ	2	d	-	-	-	-	-	-	-	-
ἦν	εἰμί	3	v	3	s	i	i	a	-	-	-
πρεπόντων	πρέπω	4	v	-	p	p	p	a	n	g	-
ὥστ'	ὥστε	5	c	-	-	-	-	-	-	-	-
ἐπισπένδειν	ἐπισπένδω	6	v	-	-	p	n	a	-	-	-
νεκρῷ	νεκρός	7	a	-	s	-	-	-	m	d	-
,	,	8	u	-	-	-	-	-	-	-	-
τῷδ'	ὅδε	9	p	-	s	-	-	-	m	d	-
ἂν	ἄν1	10	d	-	-	-	-	-	-	-	-
δικαίως	δίκαιος	11	d	-	-	-	-	-	-	-	-
ἦν	εἰμί	12	v	3	s	i	i	a	-	-	-
,	,	13	u	-	-	-	-	-	-	-	-
ὑπερδίκως	ὑπέρδικος	14	d	-	-	-	-	-	-	-	-
μὲν	μέν	15	d	-	-	-	-	-	-	-	-
οὖν	οὖν	16	d	-	-	-	-	-	-	-	-
.	.	17	u	-	-	-	-	-	-	-	-

τοσῶνδε	τοσόσδε	1	p	-	p	-	-	-	n	g	-
κρατῆρ'	κρατήρ	2	n	-	s	-	-	-	m	a	-
ἐν	ἐν	3	r	-	-	-	-	-	-	-	-
δόμοις	δόμος	4	n	-	p	-	-	-	m	d	-
κακῶν	κακός	5	a	-	p	-	-	-	n	g	-
ὅδε	ὅδε	6	p	-	s	-	-	-	m	n	-
πλήσας	πίμπλημι	7	v	-	s	a	p	a	m	n	-
ἀραίων	ἀραῖος	8	a	-	p	-	-	-	n	g	-
αὐτὸς	αὐτός	9	p	-	s	-	-	-	m	n	-
ἐκπίνει	ἐκπίνω	10	v	3	s	p	i	a	-	-	-
μολών	βλώσκω	11	v	-	s	a	p	a	m	n	-
.	.	12	u	-	-	-	-	-	-	-	-

θαυμάζομέν	θαυμάζω	1	v	1	p	p	i	a	-	-	-
σου	σύ	2	p	-	s	-	-	-	-	g	-
γλῶσσαν	γλῶσσα	3	n	-	s	-	-	-	f	a	-
,	,	4	u	-	-	-	-	-	-	-	-
ὡς	ὡς	5	d	-	-	-	-	-	-	-	-
θρασύστομος	θρασύστομος	6	a	-	s	-	-	-	f	n	-
,	,	7	u	-	-	-	-	-	-	-	-
ἥτις	ὅστις	8	p	-	s	-	-	-	f	n	-
τοιόνδ'	τοιόσδε	9	p	-	s	-	-	-	m	a	-
ἐπ'	ἐπί	10	r	-	-	-	-	-	-	-	-
ἀνδρὶ	ἀνήρ	11	n	-	s	-	-	-	m	d	-
κομπάζεις	κομπάζω	12	v	2	s	p	i	a	-	-	-
λόγον	λόγος	13	n	-	s	-	-	-	m	a	-
.	.	14	u	-	-	-	-	-	-	-	-

πειρᾶσθέ	πειράω	1	v	2	p	p	i	e	-	-	-
μου	ἐγώ	2	p	-	s	-	-	-	f	g	-
γυναικὸς	γυνή	3	n	-	s	-	-	-	f	g	-
ὡς	ὡς	4	c	-	-	-	-	-	-	-	-
ἀφράσμονος	ἀφράδμων	5	a	-	s	-	-	-	f	g	-
·	·	6	u	-	-	-	-	-	-	-	-

ἐγὼ	ἐγώ	1	p	-	s	-	-	-	f	n	-
δ'	δέ	2	d	-	-	-	-	-	-	-	-
ἀτρέστῳ	ἄτρεστος	3	a	-	s	-	-	-	f	d	-
καρδίᾳ	καρδία	4	n	-	s	-	-	-	f	d	-
πρὸς	πρός	5	r	-	-	-	-	-	-	-	-
εἰδότας	οἶδα	6	v	-	p	r	p	a	m	a	-
λέγω	λέγω	7	v	1	s	p	i	a	-	-	-
·	·	8	u	-	-	-	-	-	-	-	-

σὺ	σύ	1	p	-	s	-	-	-	m	n	-
δ'	δέ	2	d	-	-	-	-	-	-	-	-
αἰνεῖν	αἰνέω	3	v	-	-	p	n	a	-	-	-
εἴ	εἴτε	4	c	-	-	-	-	-	-	-	-
τε	εἴτε	5	c	-	-	-	-	-	-	-	-
με	ἐγώ	6	p	-	s	-	-	-	f	a	-
ψέγειν	ψέγω	7	v	-	-	p	n	a	-	-	-
θέλεις	ἐθέλω	8	v	2	s	p	i	a	-	-	-
ὅμοιον	ὁμοῖος	9	a	-	s	-	-	-	n	n	-
.	.	10	u	-	-	-	-	-	-	-	-

οὗτός	οὗτος	1	p	-	s	-	-	-	m	n	-
ἐστιν	εἰμί	2	v	3	s	p	i	a	-	-	-
Ἀγαμέμνων	Ἀγαμέμνων	3	n	-	s	-	-	-	m	n	-
,	,	4	u	-	-	-	-	-	-	-	-
ἐμὸς	ἐμός	5	p	-	s	-	-	-	m	n	-
πόσις	πόσις	6	n	-	s	-	-	-	m	n	-
,	,	7	u	-	-	-	-	-	-	-	-
νεκρὸς	νεκρός	8	n	-	s	-	-	-	m	n	-
δέ	δέ	9	d	-	-	-	-	-	-	-	-
,	,	10	u	-	-	-	-	-	-	-	-
τῆσδε	ὅδε	11	p	-	s	-	-	-	f	g	-
δεξιᾶς	δεξιός	12	a	-	s	-	-	-	f	g	-
χερὸς	χείρ	13	n	-	s	-	-	-	f	g	-
ἔργον	ἔργον	14	n	-	s	-	-	-	n	a	-
,	,	15	u	-	-	-	-	-	-	-	-
δικαίας	δίκαιος	16	a	-	s	-	-	-	f	g	-
τέκτονος	τέκτων	17	n	-	s	-	-	-	f	g	-
.	.	18	u	-	-	-	-	-	-	-	-

τάδ'	ὅδε	1	p	-	p	-	-	-	n	n	-
ὧδ'	ὧδε	2	d	-	-	-	-	-	-	-	-
ἔχει	ἔχω	3	v	3	s	p	i	a	-	-	-
.	.	4	u	-	-	-	-	-	-	-	-

τί	τίς	1	p	-	s	-	-	-	n	a	-
κακόν	κακός	2	a	-	s	-	-	-	n	a	-
,	,	3	u	-	-	-	-	-	-	-	-
ὦ	ὦ	4	i	-	-	-	-	-	-	-	-
γύναι	γυνή	5	n	-	s	-	-	-	f	v	-
,	,	6	u	-	-	-	-	-	-	-	-
χθονοτρεφὲς	χθονοτρεφής	7	a	-	s	-	-	-	n	a	-
ἐδανὸν	ἐδανός	8	a	-	s	-	-	-	n	a	-
ἢ	ἤ	9	c	-	-	-	-	-	-	-	-
ποτὸν	ποτός	10	a	-	s	-	-	-	n	a	-
πασαμένα	πατέομαι	11	v	-	s	a	p	m	f	n	-
ῥυτᾶς	ῥυτός	12	a	-	s	-	-	-	f	g	-
ἐξ	ἐκ	13	r	-	-	-	-	-	-	-	-
ἁλὸς	ἅλς	14	n	-	s	-	-	-	f	g	-
ὀρόμενον	ὄρνυμι	15	v	-	s	a	p	m	n	a	-
τόδ'	ὅδε	16	p	-	s	-	-	-	n	a	-
ἐπέθου	ἐπιτίθημι	17	v	2	s	a	i	m	-	-	-
θύος	θύος	18	n	-	s	-	-	-	n	a	-
,	,	19	u	-	-	-	-	-	-	-	-
δημοθρόους	δημόθροος	20	a	-	p	-	-	-	f	a	-
τ'	τε	21	c	-	-	-	-	-	-	-	-
ἀράς	ἀρά	22	n	-	p	-	-	-	f	a	-
;	;	23	u	-	-	-	-	-	-	-	-

ἀπέδικες	ἀποδικεῖν	1	v	2	s	a	i	a	-	-	-
ἀπέταμες	ἀποτέμνω	2	v	2	s	a	i	a	-	-	-
·	·	3	u	-	-	-	-	-	-	-	-

ἀπόπολις	ἀπόπολις	1	n	-	s	-	-	-	f	n	-
δ'	δέ	2	d	-	-	-	-	-	-	-	-
ἔσῃ	εἰμί	3	v	2	s	f	i	m	-	-	-
μῖσος	μῖσος	4	n	-	s	-	-	-	n	n	-
ὄβριμον	ὄβριμος	5	a	-	s	-	-	-	n	n	-
ἀστοῖς	ἀστός	6	n	-	p	-	-	-	m	d	-
.	.	7	u	-	-	-	-	-	-	-	-

νῦν	νῦν	1	d	-	-	-	-	-	-	-	-
μὲν	μέν	2	d	-	-	-	-	-	-	-	-
δικάζεις	δικάζω	3	v	2	s	p	i	a	-	-	-
ἐκ	ἐκ	4	r	-	-	-	-	-	-	-	-
πόλεως	πόλις	5	n	-	s	-	-	-	f	g	-
φυγὴν	φυγή	6	n	-	s	-	-	-	f	a	-
ἐμοὶ	ἐγώ	7	p	-	s	-	-	-	f	d	-
καὶ	καί	8	c	-	-	-	-	-	-	-	-
μῖσος	μῖσος	9	n	-	s	-	-	-	n	a	-
ἀστῶν	ἀστός	10	n	-	p	-	-	-	m	g	-
δημόθρους	δημόθροος	11	a	-	p	-	-	-	f	n	-
τ'	τε	12	c	-	-	-	-	-	-	-	-
ἔχειν	ἔχω	13	v	-	-	p	n	a	-	-	-
ἀράς	ἀρά	14	n	-	p	-	-	-	f	a	-
,	,	15	u	-	-	-	-	-	-	-	-
οὐδὲν	οὐδείς	16	p	-	s	-	-	-	n	a	-
τότ'	τότε	17	d	-	-	-	-	-	-	-	-
ἀνδρὶ	ἀνήρ	18	n	-	s	-	-	-	m	d	-
τῷδ'	ὅδε	19	p	-	s	-	-	-	m	d	-
ἐναντίον	ἐναντίον	20	r	-	-	-	-	-	-	-	-
φέρων	φέρω	21	v	-	s	p	p	a	m	n	-
·	·	22	u	-	-	-	-	-	-	-	-

ὃς	ὅς	1	p	-	s	-	-	-	m	n	-
οὐ	οὐ	2	d	-	-	-	-	-	-	-	-
προτιμῶν	προτιμάω	3	v	-	s	p	p	a	m	n	-
,	,	4	u	-	-	-	-	-	-	-	-
ὡσπερεὶ	ὥσπερ	5	c	-	-	-	-	-	-	-	-
βοτοῦ	βοτόν	6	n	-	s	-	-	-	n	g	-
μόρον	μόρος	7	n	-	s	-	-	-	m	a	-
,	,	8	u	-	-	-	-	-	-	-	-
μήλων	μῆλον	9	n	-	p	-	-	-	n	g	-
φλεόντων	φλέω	10	v	-	p	p	p	a	n	g	-
εὐπόκοις	εὔποκος	11	a	-	p	-	-	-	n	d	-
νομεύμασιν	νόμευμα	12	n	-	p	-	-	-	n	d	-
,	,	13	u	-	-	-	-	-	-	-	-
ἔθυσεν	θύω	14	v	3	s	a	i	a	-	-	-
αὑτοῦ	ἑαυτοῦ	15	p	-	s	-	-	-	m	g	-
παῖδα	παῖς	16	n	-	s	-	-	-	f	a	-
,	,	17	u	-	-	-	-	-	-	-	-
φιλτάτην	φίλος	18	a	-	s	-	-	-	f	a	s
ἐμοὶ	ἐγώ	19	p	-	s	-	-	-	m	d	-
ὠδῖν'	ὠδίς	20	n	-	s	-	-	-	f	a	-
,	,	21	u	-	-	-	-	-	-	-	-
ἐπῳδὸν	ἐπῳδός	22	a	-	s	-	-	-	f	a	-
Θρῃκίων	Θρᾴκιος	23	a	-	p	-	-	-	n	g	-
ἀημάτων	ἄημα	24	n	-	p	-	-	-	n	g	-
.	.	25	u	-	-	-	-	-	-	-	-

οὐ	οὐ	1	d	-	-	-	-	-	-	-	-
τοῦτον	οὗτος	2	p	-	s	-	-	-	m	a	-
ἐκ	ἐκ	3	r	-	-	-	-	-	-	-	-
γῆς	γῆ	4	n	-	s	-	-	-	f	g	-
τῆσδε	ὅδε	5	p	-	s	-	-	-	f	g	-
χρῆν	χρή	6	v	3	s	i	i	a	-	-	-
σ'	σύ	7	p	-	s	-	-	-	-	a	-
ἀνδρηλατεῖν	ἀνδρηλατέω	8	v	-	-	p	n	a	-	-	-
,	,	9	u	-	-	-	-	-	-	-	-
μιασμάτων	μίασμα	10	n	-	p	-	-	-	n	g	-
ἄποιν'	ἄποινος	11	a	-	p	-	-	-	n	a	-
;	;	12	u	-	-	-	-	-	-	-	-

ἐπήκοος	ἐπήκοος	1	a	-	s	-	-	-	m	n	-
δ'	δέ	2	d	-	-	-	-	-	-	-	-
ἐμῶν	ἐμός	3	p	-	p	-	-	-	n	g	-
ἔργων	ἔργον	4	n	-	p	-	-	-	n	g	-
δικαστὴς	δικαστής	5	n	-	s	-	-	-	m	n	-
τραχὺς	τραχύς	6	a	-	s	-	-	-	m	n	-
εἶ	εἰμί	7	v	2	s	p	i	a	-	-	-
.	.	8	u	-	-	-	-	-	-	-	-

λέγω	λέγω	1	v	1	s	p	i	a	-	-	-
δέ	δέ	2	d	-	-	-	-	-	-	-	-
σοι	σύ	3	p	-	s	-	-	-	m	d	-
τοιαῦτ'	τοιοῦτος	4	p	-	p	-	-	-	n	a	-
ἀπειλεῖν	ἀπειλέω	5	v	-	-	p	n	a	-	-	-
,	,	6	u	-	-	-	-	-	-	-	-
ὡς	ὡς	7	c	-	-	-	-	-	-	-	-
παρεσκευασμένης	παρασκευάζω	8	v	-	s	r	p	e	f	g	-
ἐκ	ἐκ	9	r	-	-	-	-	-	-	-	-
τῶν	ὁ	10	l	-	p	-	-	-	n	g	-
ὁμοίων	ὁμοῖος	11	a	-	p	-	-	-	n	g	-
χειρὶ	χείρ	12	n	-	s	-	-	-	f	d	-
νικήσαντ'	νικάω	13	v	-	s	a	p	a	m	a	-
ἐμοῦ	ἐγώ	14	p	-	s	-	-	-	f	g	-
ἄρχειν	ἄρχω	15	v	-	-	p	n	a	-	-	-
·	·	16	u	-	-	-	-	-	-	-	-

ἐὰν	ἐάν	1	c	-	-	-	-	-	-	-	-
δὲ	δέ	2	d	-	-	-	-	-	-	-	-
τοὔμπαλιν	ἔμπαλιν	3	d	-	-	-	-	-	-	-	-
κραίνῃ	κραίνω	4	v	3	s	p	s	a	-	-	-
θεός	θεός	5	n	-	s	-	-	-	m	n	-
,	,	6	u	-	-	-	-	-	-	-	-
γνώσῃ	γιγνώσκω	7	v	2	s	f	i	m	-	-	-
διδαχθεὶς	διδάσκω	8	v	-	s	a	p	p	m	n	-
ὀψὲ	ὀψέ	9	d	-	-	-	-	-	-	-	-
γοῦν	γοῦν	10	d	-	-	-	-	-	-	-	-
τὸ	ὁ	11	l	-	s	-	-	-	n	a	-
σωφρονεῖν	σωφρονέω	12	v	-	-	p	n	a	-	-	-
.	.	13	u	-	-	-	-	-	-	-	-

μεγαλόμητις	μεγαλόμητις	1	n	-	s	-	-	-	f	n	-
εἶ	εἰμί	2	v	2	s	p	i	a	-	-	-
,	,	3	u	-	-	-	-	-	-	-	-
περίφρονα	περίφρων	4	a	-	p	-	-	-	n	a	-
δ'	δέ	5	d	-	-	-	-	-	-	-	-
ἔλακες	λάσκω	6	v	2	s	a	i	a	-	-	-
.	.	7	u	-	-	-	-	-	-	-	-

ὥσπερ	ὥσπερ	1	c	-	-	-	-	-	-	-	-
οὖν	οὖν	2	d	-	-	-	-	-	-	-	-
φονολιβεῖ	φονολιβής	3	a	-	s	-	-	-	f	d	-
τύχᾳ	τύχη	4	n	-	s	-	-	-	f	d	-
φρὴν	φρήν	5	n	-	s	-	-	-	f	n	-
ἐπιμαίνεται	ἐπιμαίνομαι	6	v	3	s	p	i	e	-	-	-
,	,	7	u	-	-	-	-	-	-	-	-
λίπος	λίπος	8	n	-	s	-	-	-	n	n	-
ἐπ'	ἐπί	9	r	-	-	-	-	-	-	-	-
ὀμμάτων	ὄμμα	10	n	-	p	-	-	-	n	g	-
αἵματος	αἷμα	11	n	-	s	-	-	-	n	g	-
εὖ	εὖ	12	d	-	-	-	-	-	-	-	-
πρέπει	πρέπω	13	v	3	s	p	i	a	-	-	-
·	·	14	u	-	-	-	-	-	-	-	-

ἀτίετον	ἀτίετος	1	a	-	s	-	-	-	f	a	-
ἔτι	ἔτι	2	d	-	-	-	-	-	-	-	-
σὲ	σύ	3	p	-	s	-	-	-	f	a	-
χρὴ	χρή	4	v	3	s	p	i	a	-	-	-
στερομέναν	στέρομαι	5	v	-	s	p	p	e	f	a	-
φίλων	φίλος	6	a	-	p	-	-	-	m	g	-
τύμμα	τύμμα	7	n	-	s	-	-	-	n	a	-
τύμματι	τύμμα	8	n	-	s	-	-	-	n	d	-
τεῖσαι	τίνω	9	v	-	-	a	n	a	-	-	-
.	.	10	u	-	-	-	-	-	-	-	-

καὶ	καί	1	c	-	-	-	-	-	-	-	-
τήνδ'	ὅδε	2	p	-	s	-	-	-	f	a	-
ἀκούεις	ἀκούω	3	v	2	s	p	i	a	-	-	-
ὁρκίων	ὅρκιον	4	n	-	p	-	-	-	n	g	-
ἐμῶν	ἐμός	5	p	-	p	-	-	-	n	g	-
θέμιν	θέμις	6	n	-	s	-	-	-	f	a	-
·	·	7	u	-	-	-	-	-	-	-	-

μὰ	μά	1	d	-	-	-	-	-	-	-	-
τὴν	ὁ	2	l	-	s	-	-	-	f	a	-
τέλειον	τέλειος	3	a	-	s	-	-	-	f	a	-
τῆς	ὁ	4	l	-	s	-	-	-	f	g	-
ἐμῆς	ἐμός	5	p	-	s	-	-	-	f	g	-
παιδὸς	παῖς	6	n	-	s	-	-	-	f	g	-
Δίκην	δίκη	7	n	-	s	-	-	-	f	a	-
,	,	8	u	-	-	-	-	-	-	-	-
Ἄτην	ἄτη	9	n	-	s	-	-	-	f	a	-
Ἐρινύν	Ἐρινύς	10	n	-	s	-	-	-	f	a	-
θ'	τε	11	c	-	-	-	-	-	-	-	-
,	,	12	u	-	-	-	-	-	-	-	-
αἷσι	ὅς	13	p	-	p	-	-	-	f	d	-
τόνδ'	ὅδε	14	p	-	s	-	-	-	m	a	-
ἔσφαξ'	σφάζω	15	v	3	s	a	i	a	-	-	-
ἐγώ	ἐγώ	16	p	-	s	-	-	-	f	n	-
,	,	17	u	-	-	-	-	-	-	-	-
οὔ	οὐ	18	d	-	-	-	-	-	-	-	-
μοι	ἐγώ	19	p	-	s	-	-	-	f	d	-
φόβου	φόβος	20	n	-	s	-	-	-	m	g	-
μέλαθρον	μέλαθρον	21	n	-	s	-	-	-	n	a	-
ἐλπὶς	ἐλπίς	22	n	-	s	-	-	-	f	n	-
ἐμπατεῖ	ἐμπατέω	23	v	3	s	p	i	a	-	-	-
,	,	24	u	-	-	-	-	-	-	-	-
ἕως	ἕως	25	c	-	-	-	-	-	-	-	-
ἂν	ἄν1	26	d	-	-	-	-	-	-	-	-
αἴθῃ	αἴθω	27	v	3	s	p	s	a	-	-	-
πῦρ	πῦρ	28	n	-	s	-	-	-	n	n	-
ἐφ'	ἐπί	29	r	-	-	-	-	-	-	-	-
ἑστίας	ἑστία	30	n	-	s	-	-	-	f	g	-
ἐμῆς	ἐμός	31	p	-	s	-	-	-	f	g	-
Αἴγισθος	Αἴγισθος	32	n	-	s	-	-	-	m	n	-
,	,	33	u	-	-	-	-	-	-	-	-
ὡς	ὡς	34	c	-	-	-	-	-	-	-	-
τὸ	ὁ	35	l	-	s	-	-	-	n	a	-
πρόσθεν	πρόσθεν	36	d	-	-	-	-	-	-	-	-
εὖ	εὖ	37	d	-	-	-	-	-	-	-	-
φρονῶν	φρονέω	38	v	-	s	p	p	a	m	n	-
ἐμοί	ἐγώ	39	p	-	s	-	-	-	f	d	-
.	.	40	u	-	-	-	-	-	-	-	-

οὗτος	οὗτος	1	p	-	s	-	-	-	m	n	-
γὰρ	γάρ	2	d	-	-	-	-	-	-	-	-
ἡμῖν	ἐγώ	3	p	-	p	-	-	-	m	d	-
ἀσπὶς	ἀσπίς	4	n	-	s	-	-	-	f	n	-
οὐ	οὐ	5	d	-	-	-	-	-	-	-	-
σμικρὰ	σμικρός	6	a	-	s	-	-	-	f	n	-
θράσους	θράσος	7	n	-	s	-	-	-	n	g	-
.	.	8	u	-	-	-	-	-	-	-	-

κεῖται	κεῖμαι	1	v	3	s	p	i	e	-	-	-
γυναικὸς	γυνή	2	n	-	s	-	-	-	f	g	-
τῆσδε	ὅδε	3	p	-	s	-	-	-	f	g	-
λυμαντήριος	λυμαντήριος	4	a	-	s	-	-	-	m	n	-
,	,	5	u	-	-	-	-	-	-	-	-
Χρυσηίδων	Χρυσηίς	6	n	-	p	-	-	-	f	g	-
μείλιγμα	μείλιγμα	7	n	-	s	-	-	-	n	n	-
τῶν	ὁ	8	l	-	p	-	-	-	f	g	-
ὑπ'	ὑπό	9	r	-	-	-	-	-	-	-	-
Ἰλίῳ	Ἴλιος	10	n	-	s	-	-	-	f	d	-
·	·	11	u	-	-	-	-	-	-	-	-

ἥ	ὅς	1	p	-	s	-	-	-	f	n	-
τ'	τε	2	c	-	-	-	-	-	-	-	-
αἰχμάλωτος	αἰχμάλωτος	3	a	-	s	-	-	-	f	n	-
ἥδε	ὅδε	4	p	-	s	-	-	-	f	n	-
καὶ	καί	5	c	-	-	-	-	-	-	-	-
τερασκόπος	τερασκόπος	6	a	-	s	-	-	-	f	n	-
καὶ	καί	7	c	-	-	-	-	-	-	-	-
κοινόλεκτρος	κοινόλεκτρος	8	a	-	s	-	-	-	f	n	-
τοῦδε	ὅδε	9	p	-	s	-	-	-	m	g	-
,	,	10	u	-	-	-	-	-	-	-	-
θεσφατηλόγος	θεσφατηλόγος	11	a	-	s	-	-	-	f	n	-
πιστὴ	πιστός	12	a	-	s	-	-	-	f	n	-
ξύνευνος	σύνευνος	13	n	-	s	-	-	-	f	n	-
,	,	14	u	-	-	-	-	-	-	-	-
ναυτίλων	ναυτίλος	15	a	-	p	-	-	-	n	g	-
δὲ	δέ	16	d	-	-	-	-	-	-	-	-
σελμάτων	σέλμα	17	n	-	p	-	-	-	n	g	-
ἰσοτριβής	ἰσοτριβής	18	a	-	s	-	-	-	f	n	-
.	.	19	u	-	-	-	-	-	-	-	-

ἄτιμα	ἄτιμος	1	a	-	p	-	-	-	n	a	-
δ'	δέ	2	d	-	-	-	-	-	-	-	-
οὐκ	οὐ	3	d	-	-	-	-	-	-	-	-
ἐπραξάτην	πράσσω	4	v	3	d	a	i	a	-	-	-
.	.	5	u	-	-	-	-	-	-	-	-

ὁ	ὁ	1	p	-	s	-	-	-	m	n	-
μὲν	μέν	2	d	-	-	-	-	-	-	-	-
γὰρ	γάρ	3	d	-	-	-	-	-	-	-	-
οὕτως	οὕτως	4	d	-	-	-	-	-	-	-	-
,	,	5	u	-	-	-	-	-	-	-	-
ἡ	ὁ	6	p	-	s	-	-	-	f	n	-
δέ	δέ	7	d	-	-	-	-	-	-	-	-
τοι	τοι	8	d	-	-	-	-	-	-	-	-
κύκνου	κύκνος	9	n	-	s	-	-	-	m	g	-
δίκην	δίκη	10	n	-	s	-	-	-	f	a	-
τὸν	ὁ	11	l	-	s	-	-	-	m	a	-
ὕστατον	ὕστερος	12	a	-	s	-	-	-	m	a	-
μέλψασα	μέλπω	13	v	-	s	a	p	a	f	n	-
θανάσιμον	θανάσιμος	14	a	-	s	-	-	-	m	a	-
γόον	γόος	15	n	-	s	-	-	-	m	a	-
κεῖται	κεῖμαι	16	v	3	s	p	i	e	-	-	-
,	,	17	u	-	-	-	-	-	-	-	-
φιλήτωρ	φιλήτωρ	18	n	-	s	-	-	-	m	n	-
τοῦδ'	ὅδε	19	p	-	s	-	-	-	m	g	-
·	·	20	u	-	-	-	-	-	-	-	-

ἐμοὶ	ἐγώ	1	p	-	s	-	-	-	f	d	-
δ'	δέ	2	d	-	-	-	-	-	-	-	-
ἐπήγαγεν	ἐπάγω	3	v	3	s	a	i	a	-	-	-
εὐνῆς	εὐνή	4	n	-	s	-	-	-	f	g	-
παροψώνημα	παροψώνημα	5	n	-	s	-	-	-	n	n	-
τῆς	ὁ	6	l	-	s	-	-	-	f	g	-
ἐμῆς	ἐμός	7	p	-	s	-	-	-	f	g	-
χλιδῆς	χλιδή	8	n	-	s	-	-	-	f	g	-
.	.	9	u	-	-	-	-	-	-	-	-

φεῦ	φεῦ	1	i	-	-	-	-	-	-	-	-
,	,	2	u	-	-	-	-	-	-	-	-
τίς	τίς	3	p	-	s	-	-	-	f	n	-
ἂν	ἄν1	4	d	-	-	-	-	-	-	-	-
ἐν	ἐν	5	r	-	-	-	-	-	-	-	-
τάχει	τάχος	6	n	-	s	-	-	-	n	d	-
,	,	7	u	-	-	-	-	-	-	-	-
μὴ	μή	8	c	-	-	-	-	-	-	-	-
περιώδυνος	περιώδυνος	9	a	-	s	-	-	-	f	n	-
,	,	10	u	-	-	-	-	-	-	-	-
μη	μηδέ	11	c	-	-	-	-	-	-	-	-
δὲ	δέ	12	d	-	-	-	-	-	-	-	-
δεμνιοτήρης	δεμνιοτήρης	13	a	-	p	-	-	-	f	n	-
,	,	14	u	-	-	-	-	-	-	-	-
μόλοι	βλώσκω	15	v	3	s	a	o	a	-	-	-
τὸν	ὁ	16	l	-	s	-	-	-	m	a	-
αἰεὶ	ἀεί	17	d	-	-	-	-	-	-	-	-
φέρουσ'	φέρω	18	v	3	p	p	i	a	-	-	-
ἐν	ἐν	19	r	-	-	-	-	-	-	-	-
ἡμῖν	ἐγώ	20	p	-	p	-	-	-	m	d	-
Μοῖρ'	μοῖρα	21	n	-	s	-	-	-	f	n	-
ἀτέλευτον	ἀτέλευτος	22	a	-	s	-	-	-	m	a	-
ὕπνον	ὕπνος	23	n	-	s	-	-	-	m	a	-
,	,	24	u	-	-	-	-	-	-	-	-
δαμέντος	δαμάζω	25	v	-	s	a	p	p	m	g	-
φύλακος	φυλακός	26	n	-	s	-	-	-	m	n	-
εὐμενεστάτου	εὐμενής	27	a	-	s	-	-	-	m	g	s
[καὶ]	[καὶ]	28	c	-	-	-	-	-	-	-	-
πολλὰ	πολύς	29	a	-	p	-	-	-	n	a	-
τλάντος	τλάω	30	v	-	s	a	p	a	m	g	-
γυναικὸς	γυνή	31	n	-	s	-	-	-	f	g	-
διαί	διά	32	r	-	-	-	-	-	-	-	-
·	·	33	u	-	-	-	-	-	-	-	-

πρὸς	πρός	1	r	-	-	-	-	-	-	-	-
γυναικὸς	γυνή	2	n	-	s	-	-	-	f	g	-
δ'	δέ	3	d	-	-	-	-	-	-	-	-
ἀπέφθισεν	ἀποφθίνω	4	v	3	s	a	i	a	-	-	-
βίον	βίος	5	n	-	s	-	-	-	m	a	-
.	.	6	u	-	-	-	-	-	-	-	-

ἰὼ	ἰώ	1	i	-	-	-	-	-	-	-	-
ἰὼ	ἰώ	2	i	-	-	-	-	-	-	-	-
παράνους	παράνους	3	a	-	s	-	-	-	f	v	-
Ἑλένα	Ἑλένη	4	n	-	s	-	-	-	f	v	-
μία	εἷς	5	a	-	s	-	-	-	f	v	-
τὰς	ὁ	6	l	-	p	-	-	-	f	a	-
πολλάς	πολύς	7	a	-	p	-	-	-	f	a	-
,	,	8	u	-	-	-	-	-	-	-	-
τάς	ὁ	9	l	-	p	-	-	-	f	a	-
πάνυ	πάνυ	10	d	-	-	-	-	-	-	-	-
πολλὰς	πολύς	11	a	-	p	-	-	-	f	a	-
ψυχὰς	ψυχή	12	n	-	p	-	-	-	f	a	-
ὀλέσασ'	ὄλλυμι	13	v	-	s	a	p	a	f	v	-
ὑπὸ	ὑπό	14	r	-	-	-	-	-	-	-	-
Τροίᾳ	Τροία	15	n	-	s	-	-	-	f	d	-
.	.	16	u	-	-	-	-	-	-	-	-

νῦν	νῦν	1	d	-	-	-	-	-	-	-	-
[δὲ]	[δὲ]	2	d	-	-	-	-	-	-	-	-
τελέαν	τέλειος	3	a	-	s	-	-	-	f	a	-
πολύμναστον	πολύμνηστος	4	a	-	s	-	-	-	f	a	-
ἐπηνθίσω	ἐπανθίζω	5	v	2	s	a	i	m	-	-	-
δι'	διά	6	r	-	-	-	-	-	-	-	-
αἷμ'	αἷμα	7	n	-	s	-	-	-	n	a	-
ἄνιπτον	ἄνιπτος	8	a	-	s	-	-	-	n	a	-
.	.	9	u	-	-	-	-	-	-	-	-

ἦ	ἦ	1	d	-	-	-	-	-	-	-	-
τις	τις	2	p	-	s	-	-	-	f	n	-
ἦν	εἰμί	3	v	3	s	i	i	a	-	-	-
τότ'	τότε	4	d	-	-	-	-	-	-	-	-
ἐν	ἐν	5	r	-	-	-	-	-	-	-	-
δόμοις	δόμος	6	n	-	p	-	-	-	m	d	-
ἔρις	ἔρις	7	n	-	s	-	-	-	f	n	-
ἐρίδματος	ἐρίδματος	8	a	-	s	-	-	-	m	n	-
ἀνδρὸς	ἀνήρ	9	n	-	s	-	-	-	m	g	-
οἰζύς	ὀιζύς	10	n	-	s	-	-	-	f	n	-
.	.	11	u	-	-	-	-	-	-	-	-

μηδὲν	μηδείς	1	p	-	s	-	-	-	n	a	-
θανάτου	θάνατος	2	n	-	s	-	-	-	m	g	-
μοῖραν	μοῖρα	3	n	-	s	-	-	-	f	a	-
ἐπεύχου	ἐπεύχομαι	4	v	2	s	p	m	e	-	-	-
τοῖσδε	ὅδε	5	p	-	p	-	-	-	n	d	-
βαρυνθείς	βαρύνω	6	v	-	s	a	p	p	m	n	-
·	·	7	u	-	-	-	-	-	-	-	-

μη	μηδέ	1	c	-	-	-	-	-	-	-	-
δ'	δέ	2	d	-	-	-	-	-	-	-	-
εἰς	εἰς	3	r	-	-	-	-	-	-	-	-
Ἑλένην	Ἑλένη	4	n	-	s	-	-	-	f	a	-
κότον	κότος	5	n	-	s	-	-	-	m	a	-
ἐκτρέψῃς	ἐκτρέπω	6	v	2	s	a	s	a	-	-	-
,	,	7	u	-	-	-	-	-	-	-	-
ὡς	ὡς	8	d	-	-	-	-	-	-	-	-
ἀνδρολέτειρ'	ἀνδρολέτειρα	9	n	-	s	-	-	-	f	n	-
,	,	10	u	-	-	-	-	-	-	-	-
ὡς	ὡς	11	c	-	-	-	-	-	-	-	-
μία	εἷς	12	a	-	s	-	-	-	f	n	-
πολλῶν	πολύς	13	a	-	p	-	-	-	m	g	-
ἀνδρῶν	ἀνήρ	14	n	-	p	-	-	-	m	g	-
ψυχὰς	ψυχή	15	n	-	p	-	-	-	f	a	-
Δαναῶν	Δαναός	16	n	-	p	-	-	-	m	g	-
ὀλέσασ'	ὄλλυμι	17	v	-	s	a	p	a	f	n	-
ἀξύστατον	ἀσύστατος	18	a	-	s	-	-	-	n	a	-
ἄλγος	ἄλγος	19	n	-	s	-	-	-	n	a	-
ἔπραξεν	πράσσω	20	v	3	s	a	i	a	-	-	-
.	.	21	u	-	-	-	-	-	-	-	-

δαῖμον	δαίμων	1	n	-	s	-	-	-	m	v	-
,	,	2	u	-	-	-	-	-	-	-	-
ὃς	ὅς	3	p	-	s	-	-	-	m	n	-
ἐμπίτνεις	ἐμπίπτω	4	v	2	s	p	i	a	-	-	-
δώμασι	δῶμα	5	n	-	p	-	-	-	n	d	-
καὶ	καί	6	c	-	-	-	-	-	-	-	-
διφυίοισι	δίφυιος	7	a	-	p	-	-	-	m	d	-
Τανταλίδαισιν	Τανταλίδης	8	n	-	p	-	-	-	m	d	-
,	,	9	u	-	-	-	-	-	-	-	-
κράτος	κράτος	10	n	-	s	-	-	-	n	a	-
τ'	τε	11	c	-	-	-	-	-	-	-	-
ἰσόψυχον	ἰσόψυχος	12	a	-	s	-	-	-	n	a	-
ἐκ	ἐκ	13	r	-	-	-	-	-	-	-	-
γυναικῶν	γυνή	14	n	-	p	-	-	-	f	g	-
καρδιόδηκτον	καρδιόδηκτος	15	a	-	s	-	-	-	n	a	-
ἐμοὶ	ἐγώ	16	p	-	s	-	-	-	m	d	-
κρατύνεις	κρατύνω	17	v	2	s	p	i	a	-	-	-
.	.	18	u	-	-	-	-	-	-	-	-

νῦν	νῦν	1	d	-	-	-	-	-	-	-	-
δ'	δέ	2	d	-	-	-	-	-	-	-	-
ὤρθωσας	ὀρθόω	3	v	2	s	a	i	a	-	-	-
στόματος	στόμα	4	n	-	s	-	-	-	n	g	-
γνώμην	γνώμη	5	n	-	s	-	-	-	f	a	-
,	,	6	u	-	-	-	-	-	-	-	-
τὸν	ὁ	7	l	-	s	-	-	-	m	a	-
τριπάχυντον	τριπάχυιος	8	a	-	s	-	-	-	m	a	-
δαίμονα	δαίμων	9	n	-	s	-	-	-	m	a	-
γέννης	γέννα	10	n	-	s	-	-	-	f	g	-
τῆσδε	ὅδε	11	p	-	s	-	-	-	f	g	-
κικλήσκων	κικλήσκω	12	v	-	s	p	p	a	m	n	-
.	.	13	u	-	-	-	-	-	-	-	-

ἐκ	ἐκ	1	r	-	-	-	-	-	-	-	-
τοῦ	ὁ	2	p	-	s	-	-	-	m	g	-
γὰρ	γάρ	3	d	-	-	-	-	-	-	-	-
ἔρως	ἔρως	4	n	-	s	-	-	-	m	n	-
αἱματολοιχὸς	αἱματολοιχός	5	a	-	s	-	-	-	m	n	-
νείρᾳ	νεῖρα	6	n	-	s	-	-	-	f	d	-
τρέφεται	τρέφω	7	v	3	s	p	i	e	-	-	-
,	,	8	u	-	-	-	-	-	-	-	-
πρὶν	πρίν	9	c	-	-	-	-	-	-	-	-
καταλῆξαι	καταλήγω	10	v	-	-	a	n	a	-	-	-
τὸ	ὁ	11	l	-	s	-	-	-	n	a	-
παλαιὸν	παλαιός	12	a	-	s	-	-	-	n	a	-
ἄχος	ἄχος	13	n	-	s	-	-	-	n	a	-
,	,	14	u	-	-	-	-	-	-	-	-
νέος	νέος	15	a	-	s	-	-	-	m	n	-
ἰχώρ	ἰχώρ	16	n	-	s	-	-	-	m	n	-
.	.	17	u	-	-	-	-	-	-	-	-

ἦ	ἦ	1	d	-	-	-	-	-	-	-	-
μέγαν	μέγας	2	a	-	s	-	-	-	m	a	-
οἰκονόμον	οἰκονόμος	3	n	-	s	-	-	-	m	a	-
δαίμονα	δαίμων	4	n	-	s	-	-	-	m	a	-
καὶ	καί	5	c	-	-	-	-	-	-	-	-
βαρύμηνιν	βαρύμηνις	6	a	-	s	-	-	-	m	a	-
αἰνεῖς	αἰνέω	7	v	2	s	p	i	a	-	-	-
,	,	8	u	-	-	-	-	-	-	-	-
φεῦ	φεῦ	9	i	-	-	-	-	-	-	-	-
φεῦ	φεῦ	10	i	-	-	-	-	-	-	-	-
,	,	11	u	-	-	-	-	-	-	-	-
κακὸν	κακός	12	a	-	s	-	-	-	m	a	-
αἶνον	αἶνος	13	n	-	s	-	-	-	m	a	-
ἀτηρᾶς	ἀτηρός	14	a	-	s	-	-	-	f	g	-
τύχας	τύχη	15	n	-	s	-	-	-	f	g	-
ἀκορέστου	ἀκόρεστος	16	a	-	s	-	-	-	f	g	-
·	·	17	u	-	-	-	-	-	-	-	-

ἰὴ	ἰή	1	i	-	-	-	-	-	-	-	-
ἰή	ἰά	2	n	-	s	-	-	-	f	n	-
,	,	3	u	-	-	-	-	-	-	-	-
διαὶ	διά	4	r	-	-	-	-	-	-	-	-
Διὸς	Ζεύς	5	n	-	s	-	-	-	m	g	-
παναιτίου	παναίτιος	6	a	-	s	-	-	-	m	g	-
πανεργέτα	πανεργέτης	7	n	-	s	-	-	-	m	g	-
·	·	8	u	-	-	-	-	-	-	-	-

τί	τίς	1	p	-	s	-	-	-	n	n	-
γὰρ	γάρ	2	d	-	-	-	-	-	-	-	-
βροτοῖς	βροτός	3	n	-	p	-	-	-	m	d	-
ἄνευ	ἄνευ	4	r	-	-	-	-	-	-	-	-
Διὸς	Ζεύς	5	n	-	s	-	-	-	m	g	-
τελεῖται	τελέω	6	v	3	s	p	i	e	-	-	-
;	;	7	u	-	-	-	-	-	-	-	-

τί	τίς	1	p	-	s	-	-	-	n	n	-
τῶνδ'	ὅδε	2	p	-	p	-	-	-	n	g	-
οὐ	οὐ	3	d	-	-	-	-	-	-	-	-
θεόκραντόν	θεόκραντος	4	a	-	s	-	-	-	n	n	-
ἐστιν	εἰμί	5	v	3	s	p	i	a	-	-	-
;	;	6	u	-	-	-	-	-	-	-	-

ἰὼ	ἰώ	1	i	-	-	-	-	-	-	-	-
ἰὼ	ἰώ	2	i	-	-	-	-	-	-	-	-
βασιλεῦ	βασιλεύς	3	n	-	s	-	-	-	m	v	-
βασιλεῦ	βασιλεύς	4	n	-	s	-	-	-	m	v	-
,	,	5	u	-	-	-	-	-	-	-	-
πῶς	πῶς	6	d	-	-	-	-	-	-	-	-
σε	σύ	7	p	-	s	-	-	-	m	a	-
δακρύσω	δακρύω	8	v	1	s	a	s	a	-	-	-
;	;	9	u	-	-	-	-	-	-	-	-

φρενὸς	φρήν	1	n	-	s	-	-	-	f	g	-
ἐκ	ἐκ	2	r	-	-	-	-	-	-	-	-
φιλίας	φίλιος	3	a	-	s	-	-	-	f	g	-
τί	τίς	4	p	-	s	-	-	-	n	a	-
ποτ'	ποτέ	5	d	-	-	-	-	-	-	-	-
εἴπω	εἶπον	6	v	1	s	a	s	a	-	-	-
;	;	7	u	-	-	-	-	-	-	-	-

κεῖσαι	κεῖμαι	1	v	2	s	p	i	e	-	-	-
δ'	δέ	2	d	-	-	-	-	-	-	-	-
ἀράχνης	ἀράχνη	3	n	-	s	-	-	-	f	g	-
ἐν	ἐν	4	r	-	-	-	-	-	-	-	-
ὑφάσματι	ὕφασμα	5	n	-	s	-	-	-	n	d	-
τῷδ'	ὅδε	6	p	-	s	-	-	-	n	d	-
ἀσεβεῖ	ἀσεβής	7	a	-	s	-	-	-	m	d	-
θανάτῳ	θάνατος	8	n	-	s	-	-	-	m	d	-
βίον	βίος	9	n	-	s	-	-	-	m	a	-
ἐκπνέων	ἐκπνέω	10	v	-	s	p	p	a	m	n	-
.	.	11	u	-	-	-	-	-	-	-	-

ὤμοι	ὤμοι	1	i	-	-	-	-	-	-	-	-
μοι	ἐγώ	2	p	-	s	-	-	-	m	d	-
κοίταν	κοίτη	3	n	-	s	-	-	-	f	a	-
τάνδ'	ὅδε	4	p	-	s	-	-	-	f	a	-
ἀνελεύθερον	ἀνελεύθερος	5	a	-	s	-	-	-	f	a	-
δολίῳ	δόλιος	6	a	-	s	-	-	-	m	d	-
μόρῳ	μόρος	7	n	-	s	-	-	-	m	d	-
δαμεὶς	δαμάζω	8	v	-	s	a	p	p	m	n	-
δάμαρτος	δάμαρ	9	n	-	s	-	-	-	f	g	-
ἐκ	ἐκ	10	r	-	-	-	-	-	-	-	-
χερὸς	χείρ	11	n	-	s	-	-	-	f	g	-
ἀμφιτόμῳ	ἀμφιτόμος	12	a	-	s	-	-	-	n	d	-
βελέμνῳ	βέλεμνον	13	n	-	s	-	-	-	n	d	-
.	.	14	u	-	-	-	-	-	-	-	-

αὐχεῖς	αὐχέω	1	v	2	s	p	i	a	-	-	-
εἶναι	εἰμί	2	v	-	-	p	n	a	-	-	-
τόδε	ὅδε	3	p	-	s	-	-	-	n	n	-
τοὔργον	ἔργον	4	n	-	s	-	-	-	n	n	-
ἐμόν	ἐμός	5	p	-	s	-	-	-	n	n	-
;	;	6	u	-	-	-	-	-	-	-	-

μη	μηδέ	1	c	-	-	-	-	-	-	-	-
δ'	δέ	2	d	-	-	-	-	-	-	-	-
ἐπιλεχθῇς	ἐπιλέγω	3	v	2	s	a	s	p	-	-	-
Ἀγαμεμνονίαν	Ἀγαμεμνόνιος	4	a	-	s	-	-	-	f	a	-
εἶναί	εἰμί	5	v	-	-	p	n	a	-	-	-
μ'	ἐγώ	6	p	-	s	-	-	-	f	a	-
ἄλοχον	ἄλοχος	7	n	-	s	-	-	-	f	a	-
.	.	8	u	-	-	-	-	-	-	-	-

φανταζόμενος	φαντάζομαι	1	v	-	s	p	p	e	m	n	-
δὲ	δέ	2	d	-	-	-	-	-	-	-	-
γυναικὶ	γυνή	3	n	-	s	-	-	-	f	d	-
νεκροῦ	νεκρός	4	n	-	s	-	-	-	m	g	-
τοῦδ'	ὅδε	5	p	-	s	-	-	-	m	g	-
ὁ	ὁ	6	l	-	s	-	-	-	m	n	-
παλαιὸς	παλαιός	7	a	-	s	-	-	-	m	n	-
δριμὺς	δριμύς	8	a	-	s	-	-	-	m	n	-
ἀλάστωρ	ἀλάστωρ	9	n	-	s	-	-	-	m	n	-
Ἀτρέως	Ἀτρεύς	10	n	-	s	-	-	-	m	g	-
χαλεποῦ	χαλεπός	11	a	-	s	-	-	-	m	g	-
θοινατῆρος	θοινατήρ	12	n	-	s	-	-	-	m	g	-
τόνδ'	ὅδε	13	p	-	s	-	-	-	m	a	-
ἀπέτεισεν	ἀποτίνω	14	v	3	s	a	i	a	-	-	-
,	,	15	u	-	-	-	-	-	-	-	-
τέλεον	τέλειος	16	a	-	s	-	-	-	m	a	-
νεαροῖς	νεαρός	17	a	-	p	-	-	-	m	d	-
ἐπιθύσας	ἐπιθύω	18	v	-	s	a	p	a	m	n	-
.	.	19	u	-	-	-	-	-	-	-	-

ὡς	ὡς	1	c	-	-	-	-	-	-	-	-
μὲν	μέν	2	d	-	-	-	-	-	-	-	-
ἀναίτιος	ἀναίτιος	3	a	-	s	-	-	-	f	n	-
εἶ	εἰμί	4	v	2	s	p	i	a	-	-	-
τοῦδε	ὅδε	5	p	-	s	-	-	-	m	g	-
φόνου	φόνος	6	n	-	s	-	-	-	m	g	-
τίς	τίς	7	p	-	s	-	-	-	m	n	-
ὁ	ὁ	8	l	-	s	-	-	-	m	n	-
μαρτυρήσων	μαρτυρέω	9	v	-	s	f	p	a	m	n	-
;	;	10	u	-	-	-	-	-	-	-	-

πῶς	πῶς	1	d	-	-	-	-	-	-	-	-
πῶς	πῶς	2	d	-	-	-	-	-	-	-	-
;	;	3	u	-	-	-	-	-	-	-	-

πατρόθεν	πατρόθεν	1	d	-	-	-	-	-	-	-	-
δὲ	δέ	2	d	-	-	-	-	-	-	-	-
συλλήπτωρ	συλλήπτωρ	3	n	-	s	-	-	-	m	n	-
γένοιτ'	γίγνομαι	4	v	3	s	a	o	-	-	-	-
ἂν	ἄν1	5	d	-	-	-	-	-	-	-	-
ἀλάστωρ	ἀλάστωρ	6	n	-	s	-	-	-	m	n	-
.	.	7	u	-	-	-	-	-	-	-	-

βιάζεται	βιάζω	1	v	3	s	p	i	e	-	-	-
δ'	δέ	2	d	-	-	-	-	-	-	-	-
ὁμοσπόροις	ὁμόσπορος	3	a	-	p	-	-	-	f	d	-
ἐπιρροαῖσιν	ἐπιρροή	4	n	-	p	-	-	-	f	d	-
αἱμάτων	αἷμα	5	n	-	p	-	-	-	n	g	-
μέλας	μέλας	6	a	-	s	-	-	-	m	n	-
Ἄρης	Ἄρης	7	n	-	s	-	-	-	m	n	-
,	,	8	u	-	-	-	-	-	-	-	-
ὅποι	ὅποι	9	d	-	-	-	-	-	-	-	-
δίκαν	δίκη	10	n	-	s	-	-	-	f	a	-
προβαίνων	προβαίνω	11	v	-	s	p	p	a	m	n	-
πάχνᾳ	πάχνη	12	n	-	s	-	-	-	f	d	-
κουροβόρῳ	κουροβόρος	13	a	-	s	-	-	-	f	d	-
παρέξει	παραξέω	14	v	3	s	i	i	a	-	-	-
.	.	15	u	-	-	-	-	-	-	-	-

ὤμοι	ὤμοι	1	i	-	-	-	-	-	-	-	-
μοι	ἐγώ	2	p	-	s	-	-	-	m	d	-
κοίταν	κοίτη	3	n	-	s	-	-	-	f	a	-
τάνδ'	ὅδε	4	p	-	s	-	-	-	f	a	-
ἀνελεύθερον	ἀνελεύθερος	5	a	-	s	-	-	-	f	a	-
δολίῳ	δόλιος	6	a	-	s	-	-	-	m	d	-
μόρῳ	μόρος	7	n	-	s	-	-	-	m	d	-
δαμεὶς	δαμάζω	8	v	-	s	a	p	p	m	n	-
ἐκ	ἐκ	9	r	-	-	-	-	-	-	-	-
χερὸς	χείρ	10	n	-	s	-	-	-	f	g	-
ἀμφιτόμῳ	ἀμφιτόμος	11	a	-	s	-	-	-	n	d	-
βελέμνῳ	βέλεμνον	12	n	-	s	-	-	-	n	d	-
.	.	13	u	-	-	-	-	-	-	-	-

[	[	1	u	-	-	-	-	-	-	-	-
οὔ	οὔτε	2	c	-	-	-	-	-	-	-	-
τ'	τε	3	c	-	-	-	-	-	-	-	-
ἀνελεύθερον	ἀνελεύθερος	4	a	-	s	-	-	-	m	a	-
οἶμαι	οἴομαι	5	v	1	s	p	i	e	-	-	-
θάνατον	θάνατος	6	n	-	s	-	-	-	m	a	-
τῷδε	ὅδε	7	p	-	s	-	-	-	m	d	-
γενέσθαι	γίγνομαι	8	v	-	-	a	n	-	-	-	-
.	.	9	u	-	-	-	-	-	-	-	-

]	]	1	u	-	-	-	-	-	-	-	-
οὐ	οὐδέ	2	c	-	-	-	-	-	-	-	-
δὲ	δέ	3	d	-	-	-	-	-	-	-	-
γὰρ	γάρ	4	d	-	-	-	-	-	-	-	-
οὗτος	οὗτος	5	p	-	s	-	-	-	m	n	-
δολίαν	δόλιος	6	a	-	s	-	-	-	f	a	-
ἄτην	ἄτη	7	n	-	s	-	-	-	f	a	-
οἴκοισιν	οἶκος	8	n	-	p	-	-	-	m	d	-
ἔθηκ'	τίθημι	9	v	3	s	a	i	a	-	-	-
;	;	10	u	-	-	-	-	-	-	-	-

ἀλλ'	ἀλλά	1	d	-	-	-	-	-	-	-	-
ἐμὸν	ἐμός	2	p	-	s	-	-	-	n	a	-
ἐκ	ἐκ	3	r	-	-	-	-	-	-	-	-
τοῦδ'	ὅδε	4	p	-	s	-	-	-	m	g	-
ἔρνος	ἔρνος	5	n	-	s	-	-	-	n	a	-
ἀερθέν	ἀείρω	6	v	-	s	a	p	p	n	a	-
,	,	7	u	-	-	-	-	-	-	-	-
τὴν	ὁ	8	l	-	s	-	-	-	f	a	-
πολυκλαύτην	πολύκλαυστος	9	a	-	s	-	-	-	f	a	-
Ἰφιγενείαν	Ἰφιγένεια	10	n	-	s	-	-	-	f	a	-
,	,	11	u	-	-	-	-	-	-	-	-
ἄξια	ἄξιος	12	a	-	p	-	-	-	n	a	-
δράσας	δράω	13	v	-	s	a	p	a	m	n	-
ἄξια	ἄξιος	14	a	-	p	-	-	-	n	a	-
πάσχων	πάσχω	15	v	-	s	p	p	a	m	n	-
μηδὲν	μηδείς	16	p	-	s	-	-	-	n	a	-
ἐν	ἐν	17	r	-	-	-	-	-	-	-	-
Ἅιδου	ᾍδης	18	n	-	s	-	-	-	m	g	-
μεγαλαυχείτω	μεγαλαυχέω	19	v	3	s	p	m	a	-	-	-
,	,	20	u	-	-	-	-	-	-	-	-
ξιφοδηλήτῳ	ξιφοδήλητος	21	a	-	s	-	-	-	m	d	-
θανάτῳ	θάνατος	22	n	-	s	-	-	-	m	d	-
τείσας	τίνω	23	v	-	s	a	p	a	m	n	-
ἅπερ	ὅς	24	p	-	p	-	-	-	n	a	-
ἦρξεν	ἔρδω	25	v	3	s	a	i	a	-	-	-
.	.	26	u	-	-	-	-	-	-	-	-

ἀμηχανῶ	ἀμηχανέω	1	v	1	s	p	i	a	-	-	-
φροντίδος	φροντίς	2	n	-	s	-	-	-	f	g	-
στερηθεὶς	στερέω	3	v	-	s	a	p	p	m	n	-
εὐπάλαμον	εὐπάλαμος	4	a	-	s	-	-	-	f	a	-
μέριμναν	μέριμνα	5	n	-	s	-	-	-	f	a	-
ὅπᾳ	ὅπῃ	6	d	-	-	-	-	-	-	-	-
τράπωμαι	τρέπω	7	v	1	s	a	s	m	-	-	-
,	,	8	u	-	-	-	-	-	-	-	-
πίτνοντος	πίπτω	9	v	-	s	p	p	a	m	g	-
οἴκου	οἶκος	10	n	-	s	-	-	-	m	g	-
.	.	11	u	-	-	-	-	-	-	-	-

δέδοικα	δείδω	1	v	1	s	r	i	a	-	-	-
δ'	δέ	2	d	-	-	-	-	-	-	-	-
ὄμβρου	ὄμβρος	3	n	-	s	-	-	-	m	g	-
κτύπον	κτύπος	4	n	-	s	-	-	-	m	a	-
δομοσφαλῆ	δομοσφαλής	5	a	-	s	-	-	-	m	a	-
τὸν	ὁ	6	l	-	s	-	-	-	m	a	-
αἱματηρόν	αἱματηρός	7	a	-	s	-	-	-	m	a	-
·	·	8	u	-	-	-	-	-	-	-	-

ψακὰς	ψακάς	1	n	-	s	-	-	-	f	n	-
δὲ	δέ	2	d	-	-	-	-	-	-	-	-
λήγει	λήγω	3	v	3	s	p	i	a	-	-	-
.	.	4	u	-	-	-	-	-	-	-	-

δίκην	δίκη	1	n	-	s	-	-	-	f	a	-
δ'	δέ	2	d	-	-	-	-	-	-	-	-
ἐπ'	ἐπί	3	r	-	-	-	-	-	-	-	-
ἄλλο	ἄλλος	4	p	-	s	-	-	-	n	a	-
πρᾶγμα	πρᾶγμα	5	n	-	s	-	-	-	n	a	-
θηγάνει	θηγάνω	6	v	3	s	p	i	a	-	-	-
βλάβης	βλάβη	7	n	-	s	-	-	-	f	g	-
πρὸς	πρός	8	r	-	-	-	-	-	-	-	-
ἄλλαις	ἄλλος	9	p	-	p	-	-	-	f	d	-
θηγάναισι	θηγάνη	10	n	-	p	-	-	-	f	d	-
μοῖρα	μοῖρα	11	n	-	s	-	-	-	f	n	-
.	.	12	u	-	-	-	-	-	-	-	-

ἰὼ	ἰώ	1	i	-	-	-	-	-	-	-	-
γᾶ	γῆ	2	n	-	s	-	-	-	f	v	-
γᾶ	γῆ	3	n	-	s	-	-	-	f	v	-
,	,	4	u	-	-	-	-	-	-	-	-
εἴθ'	εἴθε	5	i	-	-	-	-	-	-	-	-
ἔμ'	ἐγώ	6	p	-	s	-	-	-	m	a	-
ἐδέξω	δέχομαι	7	v	2	s	a	i	m	-	-	-
,	,	8	u	-	-	-	-	-	-	-	-
πρὶν	πρίν	9	c	-	-	-	-	-	-	-	-
τόνδ'	ὅδε	10	p	-	s	-	-	-	m	a	-
ἐπιδεῖν	ἐπιδέω	11	v	-	-	p	n	a	-	-	-
ἀργυροτοίχου	ἀργυρότοιχος	12	a	-	s	-	-	-	f	g	-
δροίτης	δροίτη	13	n	-	s	-	-	-	f	g	-
κατέχοντα	κατέχω	14	v	-	s	p	p	a	m	a	-
χάμευναν	χάμευνα	15	n	-	s	-	-	-	f	a	-
.	.	16	u	-	-	-	-	-	-	-	-

τίς	τίς	1	p	-	s	-	-	-	m	n	-
ὁ	ὁ	2	l	-	s	-	-	-	m	n	-
θάψων	θάπτω	3	v	-	s	f	p	a	m	n	-
νιν	νιν	4	p	-	s	-	-	-	m	a	-
;	;	5	u	-	-	-	-	-	-	-	-

τίς	τίς	1	p	-	s	-	-	-	m	n	-
ὁ	ὁ	2	l	-	s	-	-	-	m	n	-
θρηνήσων	θρηνέω	3	v	-	s	f	p	a	m	n	-
;	;	4	u	-	-	-	-	-	-	-	-

ἦ	ἦ	1	d	-	-	-	-	-	-	-	-
σὺ	σύ	2	p	-	s	-	-	-	f	n	-
τόδ'	ὅδε	3	p	-	s	-	-	-	n	n	-
ἔρξαι	ἔρδω	4	v	-	-	a	n	a	-	-	-
τλήσῃ	τλάω	5	v	2	s	f	i	m	-	-	-
,	,	6	u	-	-	-	-	-	-	-	-
κτείνασ'	κτείνω	7	v	-	s	a	p	a	f	n	-
ἄνδρα	ἀνήρ	8	n	-	s	-	-	-	m	a	-
τὸν	ὁ	9	l	-	s	-	-	-	m	a	-
αὑτῆς	ἑαυτοῦ	10	p	-	s	-	-	-	f	g	-
ἀποκωκῦσαι	ἀποκωκύω	11	v	-	-	a	n	a	-	-	-
ψυχῇ	ψυχή	12	n	-	s	-	-	-	f	d	-
τ'	τε	13	c	-	-	-	-	-	-	-	-
ἄχαριν	ἄχαρις	14	a	-	s	-	-	-	f	a	-
χάριν	χάρις	15	n	-	s	-	-	-	f	a	-
ἀντ'	ἀντί	16	r	-	-	-	-	-	-	-	-
ἔργων	ἔργον	17	n	-	p	-	-	-	n	g	-
μεγάλων	μέγας	18	a	-	p	-	-	-	n	g	-
ἀδίκως	ἄδικος	19	d	-	-	-	-	-	-	-	-
ἐπικρᾶναι	ἐπικραίνω	20	v	-	-	a	n	a	-	-	-
;	;	21	u	-	-	-	-	-	-	-	-

τίς	τίς	1	p	-	s	-	-	-	m	n	-
δ'	δέ	2	d	-	-	-	-	-	-	-	-
ἐπιτύμβιον	ἐπιτύμβιος	3	a	-	s	-	-	-	m	a	-
αἶνον	αἶνος	4	n	-	s	-	-	-	m	a	-
ἐπ'	ἐπί	5	r	-	-	-	-	-	-	-	-
ἀνδρὶ	ἀνήρ	6	n	-	s	-	-	-	m	d	-
θείῳ	θεῖος	7	a	-	s	-	-	-	m	d	-
σὺν	σύν	8	r	-	-	-	-	-	-	-	-
δακρύοις	δάκρυον	9	n	-	p	-	-	-	n	d	-
ἰάπτων	ἰάπτω	10	v	-	s	p	p	a	m	n	-
ἀληθείᾳ	ἀλήθεια	11	n	-	s	-	-	-	f	d	-
φρενῶν	φρήν	12	n	-	p	-	-	-	f	g	-
πονήσει	πονέω	13	v	3	s	f	i	a	-	-	-
;	;	14	u	-	-	-	-	-	-	-	-

οὐ	οὐ	1	d	-	-	-	-	-	-	-	-
σὲ	σύ	2	p	-	s	-	-	-	m	a	-
προσήκει	προσήκω	3	v	3	s	p	i	a	-	-	-
τὸ	ὁ	4	l	-	s	-	-	-	n	a	-
μέλημ'	μέλημα	5	n	-	s	-	-	-	n	a	-
ἀλέγειν	ἀλέγω	6	v	-	-	p	n	a	-	-	-
τοῦτο	οὗτος	7	p	-	s	-	-	-	n	a	-
·	·	8	u	-	-	-	-	-	-	-	-

πρὸς	πρός	1	r	-	-	-	-	-	-	-	-
ἡμῶν	ἐγώ	2	p	-	p	-	-	-	f	g	-
κάππεσε	καταπίπτω	3	v	3	s	a	i	a	-	-	-
,	,	4	u	-	-	-	-	-	-	-	-
κάτθανε	καταθνήσκω	5	v	3	s	a	i	a	-	-	-
,	,	6	u	-	-	-	-	-	-	-	-
καὶ	καί	7	c	-	-	-	-	-	-	-	-
καταθάψομεν	καταθάπτω	8	v	1	p	f	i	a	-	-	-
,	,	9	u	-	-	-	-	-	-	-	-
οὐχ	οὐ	10	d	-	-	-	-	-	-	-	-
ὑπὸ	ὑπό	11	r	-	-	-	-	-	-	-	-
κλαυθμῶν	κλαυθμός	12	n	-	p	-	-	-	m	g	-
τῶν	ὁ	13	l	-	p	-	-	-	m	g	-
ἐξ	ἐκ	14	r	-	-	-	-	-	-	-	-
οἴκων	οἶκος	15	n	-	p	-	-	-	m	g	-
,	,	16	u	-	-	-	-	-	-	-	-
ἀλλ'	ἀλλά	17	d	-	-	-	-	-	-	-	-
Ἰφιγένειά	Ἰφιγένεια	18	n	-	s	-	-	-	f	n	-
νιν	νιν	19	p	-	s	-	-	-	m	a	-
ἀσπασίως	ἀσπάσιος	20	d	-	-	-	-	-	-	-	-
θυγάτηρ	θυγάτηρ	21	n	-	s	-	-	-	f	n	-
,	,	22	u	-	-	-	-	-	-	-	-
ὡς	ὡς	23	c	-	-	-	-	-	-	-	-
χρή	χρή	24	v	3	s	p	i	a	-	-	-
,	,	25	u	-	-	-	-	-	-	-	-
πατέρ'	πατήρ	26	n	-	s	-	-	-	m	a	-
ἀντιάσασα	ἀντιάζω	27	v	-	s	a	p	a	f	n	-
πρὸς	πρός	28	r	-	-	-	-	-	-	-	-
ὠκύπορον	ὠκύπορος	29	a	-	s	-	-	-	n	a	-
πόρθμευμ'	πόρθμευμα	30	n	-	s	-	-	-	n	a	-
ἀχέων	ἄχος	31	n	-	p	-	-	-	n	g	-
περὶ	περί	32	r	-	-	-	-	-	-	-	-
χεῖρε	χείρ	33	n	-	d	-	-	-	f	a	-
βαλοῦσα	βάλλω	34	v	-	s	a	p	a	f	n	-
φιλήσει	φιλέω	35	v	3	s	f	i	a	-	-	-
.	.	36	u	-	-	-	-	-	-	-	-

ὄνειδος	ὄνειδος	1	n	-	s	-	-	-	n	n	-
ἥκει	ἥκω	2	v	3	s	p	i	a	-	-	-
τόδ'	ὅδε	3	p	-	s	-	-	-	n	n	-
ἀντ'	ἀντί	4	r	-	-	-	-	-	-	-	-
ὀνείδους	ὄνειδος	5	n	-	s	-	-	-	n	g	-
.	.	6	u	-	-	-	-	-	-	-	-

δύσμαχα	δύσμαχος	1	a	-	p	-	-	-	n	n	-
δ'	δέ	2	d	-	-	-	-	-	-	-	-
ἔστι	εἰμί	3	v	3	s	p	i	a	-	-	-
κρῖναι	κρίνω	4	v	-	-	a	n	a	-	-	-
.	.	5	u	-	-	-	-	-	-	-	-

φέρει	φέρω	1	v	3	s	p	i	a	-	-	-
φέροντ'	φέρω	2	v	-	s	p	p	a	m	a	-
,	,	3	u	-	-	-	-	-	-	-	-
ἐκτίνει	ἐκτίνω	4	v	3	s	p	i	a	-	-	-
δ'	δέ	5	d	-	-	-	-	-	-	-	-
ὁ	ὁ	6	l	-	s	-	-	-	m	n	-
καίνων	καίνω	7	v	-	s	p	p	a	m	n	-
.	.	8	u	-	-	-	-	-	-	-	-

μίμνει	μίμνω	1	v	3	s	p	i	a	-	-	-
δὲ	δέ	2	d	-	-	-	-	-	-	-	-
μίμνοντος	μίμνω	3	v	-	s	p	p	a	m	g	-
ἐν	ἐν	4	r	-	-	-	-	-	-	-	-
θρόνῳ	θρόνος	5	n	-	s	-	-	-	m	d	-
Διὸς	Ζεύς	6	n	-	s	-	-	-	m	g	-
παθεῖν	πάσχω	7	v	-	-	a	n	a	-	-	-
τὸν	ὁ	8	l	-	s	-	-	-	m	a	-
ἔρξαντα	ἔρδω	9	v	-	s	a	p	a	m	a	-
·	·	10	u	-	-	-	-	-	-	-	-

θέσμιον	θέσμιος	1	a	-	s	-	-	-	n	n	-
γάρ	γάρ	2	d	-	-	-	-	-	-	-	-
.	.	3	u	-	-	-	-	-	-	-	-

τίς	τίς	1	p	-	s	-	-	-	m	n	-
ἂν	ἄν1	2	d	-	-	-	-	-	-	-	-
γονὰν	γονή	3	n	-	s	-	-	-	f	a	-
ἀραῖον	ἀραῖος	4	a	-	s	-	-	-	f	a	-
ἐκβάλοι	ἐκβάλλω	5	v	3	s	a	o	a	-	-	-
δόμων	δόμος	6	n	-	p	-	-	-	m	g	-
;	;	7	u	-	-	-	-	-	-	-	-

κεκόλληται	κολλάω	1	v	3	s	r	i	e	-	-	-
γένος	γένος	2	n	-	s	-	-	-	n	n	-
πρὸς	πρός	3	r	-	-	-	-	-	-	-	-
ἄτᾳ	ἄτη	4	n	-	s	-	-	-	f	d	-
.	.	5	u	-	-	-	-	-	-	-	-

ἐς	εἰς	1	r	-	-	-	-	-	-	-	-
τόνδ'	ὅδε	2	p	-	s	-	-	-	m	a	-
ἐνέβης	ἐμβαίνω	3	v	2	s	a	i	a	-	-	-
ξὺν	σύν	4	r	-	-	-	-	-	-	-	-
ἀληθείᾳ	ἀλήθεια	5	n	-	s	-	-	-	f	d	-
χρησμόν	χρησμός	6	n	-	s	-	-	-	m	a	-
.	.	7	u	-	-	-	-	-	-	-	-

ἐγὼ	ἐγώ	1	p	-	s	-	-	-	f	n	-
δ'	δέ	2	d	-	-	-	-	-	-	-	-
οὖν	οὖν	3	d	-	-	-	-	-	-	-	-
ἐθέλω	ἐθέλω	4	v	1	s	p	i	a	-	-	-
δαίμονι	δαίμων	5	n	-	s	-	-	-	m	d	-
τῷ	ὁ	6	l	-	s	-	-	-	m	d	-
Πλεισθενιδῶν	Πλεισθενίδης	7	a	-	p	-	-	-	m	g	-
ὅρκους	ὅρκος	8	n	-	p	-	-	-	m	a	-
θεμένη	τίθημι	9	v	-	s	a	p	m	f	n	-
τάδε	ὅδε	10	p	-	p	-	-	-	n	a	-
μὲν	μέν	11	d	-	-	-	-	-	-	-	-
στέργειν	στέργω	12	v	-	-	p	n	a	-	-	-
,	,	13	u	-	-	-	-	-	-	-	-
δύστλητά	δύστλητος	14	a	-	p	-	-	-	n	a	-
περ	πέρ	15	d	-	-	-	-	-	-	-	-
ὄνθ'	εἰμί	16	v	-	p	p	p	a	n	a	-
·	·	17	u	-	-	-	-	-	-	-	-

ὃ	ὅς	1	p	-	s	-	-	-	n	a	-
δὲ	δέ	2	d	-	-	-	-	-	-	-	-
λοιπόν	λοιπός	3	a	-	s	-	-	-	n	a	-
,	,	4	u	-	-	-	-	-	-	-	-
ἰόντ'	εἶμι	5	v	-	s	p	p	a	m	a	-
ἐκ	ἐκ	6	r	-	-	-	-	-	-	-	-
τῶνδε	ὅδε	7	p	-	p	-	-	-	m	g	-
δόμων	δόμος	8	n	-	p	-	-	-	m	g	-
ἄλλην	ἄλλος	9	p	-	s	-	-	-	f	a	-
γενεὰν	γενεά	10	n	-	s	-	-	-	f	a	-
τρίβειν	τρίβω	11	v	-	-	p	n	a	-	-	-
θανάτοις	θάνατος	12	n	-	p	-	-	-	m	d	-
αὐθένταισι	αὐθέντης	13	n	-	p	-	-	-	m	d	-
.	.	14	u	-	-	-	-	-	-	-	-

κτεάνων	κτέανον	1	n	-	p	-	-	-	n	g	-
τε	τε	2	c	-	-	-	-	-	-	-	-
μέρος	μέρος	3	n	-	s	-	-	-	n	a	-
βαιὸν	βαιός	4	a	-	s	-	-	-	n	a	-
ἐχούσῃ	ἔχω	5	v	-	s	p	p	a	f	d	-
πᾶν	πᾶς	6	p	-	s	-	-	-	n	n	-
ἀπόχρη	ἀπόχρη	7	v	3	s	p	i	a	-	-	-
μοι	ἐγώ	8	p	-	s	-	-	-	f	d	-
μανίας	μανία	9	n	-	p	-	-	-	f	a	-
μελάθρων	μέλαθρον	10	n	-	p	-	-	-	n	g	-
ἀλληλοφόνους	ἀλληλοφόνοι	11	a	-	p	-	-	-	f	a	-
ἀφελούσῃ	ἀφαιρέω	12	v	-	s	f	p	a	f	d	-
.	.	13	u	-	-	-	-	-	-	-	-

ὦ	ὦ	1	i	-	-	-	-	-	-	-	-
φέγγος	φέγγος	2	n	-	s	-	-	-	n	v	-
εὖφρον	εὔφρων	3	a	-	s	-	-	-	n	v	-
ἡμέρας	ἡμέρα	4	n	-	s	-	-	-	f	g	-
δικηφόρου	δικηφόρος	5	a	-	s	-	-	-	f	g	-
.	.	6	u	-	-	-	-	-	-	-	-

φαίην	φημί	1	v	1	s	p	o	a	-	-	-
ἂν	ἄν1	2	d	-	-	-	-	-	-	-	-
ἤδη	ἤδη	3	d	-	-	-	-	-	-	-	-
νῦν	νῦν	4	d	-	-	-	-	-	-	-	-
βροτῶν	βροτός	5	n	-	p	-	-	-	m	g	-
τιμαόρους	τιμάορος	6	a	-	p	-	-	-	m	a	-
θεοὺς	θεός	7	n	-	p	-	-	-	m	a	-
ἄνωθεν	ἄνωθεν	8	d	-	-	-	-	-	-	-	-
γῆς	γῆ	9	n	-	s	-	-	-	f	g	-
ἐποπτεύειν	ἐποπτεύω	10	v	-	-	p	n	a	-	-	-
ἄχη	ἄχος	11	n	-	p	-	-	-	n	a	-
,	,	12	u	-	-	-	-	-	-	-	-
ἰδὼν	εἶδον	13	v	-	s	a	p	a	m	n	-
ὑφαντοῖς	ὑφαντός	14	a	-	p	-	-	-	m	d	-
ἐν	ἐν	15	r	-	-	-	-	-	-	-	-
πέπλοις	πέπλος	16	n	-	p	-	-	-	m	d	-
,	,	17	u	-	-	-	-	-	-	-	-
Ἐρινύων	Ἐρινύς	18	n	-	p	-	-	-	f	g	-
τὸν	ὁ	19	l	-	s	-	-	-	m	a	-
ἄνδρα	ἀνήρ	20	n	-	s	-	-	-	m	a	-
τόνδε	ὅδε	21	p	-	s	-	-	-	m	a	-
κείμενον	κεῖμαι	22	v	-	s	p	p	e	m	a	-
φίλως	φίλος	23	d	-	-	-	-	-	-	-	-
ἐμοί	ἐγώ	24	p	-	s	-	-	-	m	d	-
,	,	25	u	-	-	-	-	-	-	-	-
χερὸς	χείρ	26	n	-	s	-	-	-	f	g	-
πατρῴας	πατρῷος	27	a	-	s	-	-	-	f	g	-
ἐκτίνοντα	ἐκτίνω	28	v	-	s	p	p	a	m	a	-
μηχανάς	μηχανή	29	n	-	p	-	-	-	f	a	-
.	.	30	u	-	-	-	-	-	-	-	-

Ἀτρεὺς	Ἀτρεύς	1	n	-	s	-	-	-	m	n	-
γὰρ	γάρ	2	d	-	-	-	-	-	-	-	-
ἄρχων	ἄρχω	3	v	-	s	p	p	a	m	n	-
τῆσδε	ὅδε	4	p	-	s	-	-	-	f	g	-
γῆς	γῆ	5	n	-	s	-	-	-	f	g	-
,	,	6	u	-	-	-	-	-	-	-	-
τούτου	οὗτος	7	p	-	s	-	-	-	m	g	-
πατήρ	πατήρ	8	n	-	s	-	-	-	m	n	-
,	,	9	u	-	-	-	-	-	-	-	-
πατέρα	πατήρ	10	n	-	s	-	-	-	m	a	-
Θυέστην	θυέστης	11	n	-	s	-	-	-	m	a	-
τὸν	ὁ	12	l	-	s	-	-	-	m	a	-
ἐμόν	ἐμός	13	p	-	s	-	-	-	m	a	-
,	,	14	u	-	-	-	-	-	-	-	-
ὡς	ὡς	15	c	-	-	-	-	-	-	-	-
τορῶς	τορός	16	d	-	-	-	-	-	-	-	-
φράσαι	φράζω	17	v	-	-	a	n	a	-	-	-
,	,	18	u	-	-	-	-	-	-	-	-
αὑτοῦ	ἑαυτοῦ	19	p	-	s	-	-	-	m	g	-
δ'	δέ	20	d	-	-	-	-	-	-	-	-
ἀδελφόν	ἀδελφός	21	n	-	s	-	-	-	m	a	-
,	,	22	u	-	-	-	-	-	-	-	-
ἀμφίλεκτος	ἀμφίλεκτος	23	a	-	s	-	-	-	m	n	-
ὢν	εἰμί	24	v	-	s	p	p	a	m	n	-
κράτει	κράτος	25	n	-	s	-	-	-	n	d	-
,	,	26	u	-	-	-	-	-	-	-	-
ἠνδρηλάτησεν	ἀνδρηλατέω	27	v	3	s	a	i	a	-	-	-
ἐκ	ἐκ	28	r	-	-	-	-	-	-	-	-
πόλεώς	πόλις	29	n	-	s	-	-	-	f	g	-
τε	τε	30	c	-	-	-	-	-	-	-	-
καὶ	καί	31	c	-	-	-	-	-	-	-	-
δόμων	δόμος	32	n	-	p	-	-	-	m	g	-
.	.	33	u	-	-	-	-	-	-	-	-

καὶ	καί	1	c	-	-	-	-	-	-	-	-
προστρόπαιος	προστρόπαιος	2	a	-	s	-	-	-	m	n	-
ἑστίας	ἑστία	3	n	-	s	-	-	-	f	g	-
μολὼν	βλώσκω	4	v	-	s	a	p	a	m	n	-
πάλιν	πάλιν	5	d	-	-	-	-	-	-	-	-
τλήμων	τλήμων	6	a	-	s	-	-	-	m	n	-
Θυέστης	Θυέστης	7	n	-	s	-	-	-	m	n	-
μοῖραν	μοῖρα	8	n	-	s	-	-	-	f	a	-
ηὕρετ'	εὑρίσκω	9	v	3	s	a	i	m	-	-	-
ἀσφαλῆ	ἀσφαλής	10	a	-	s	-	-	-	f	a	-
,	,	11	u	-	-	-	-	-	-	-	-
τὸ	ὁ	12	l	-	s	-	-	-	n	a	-
μὴ	μή	13	d	-	-	-	-	-	-	-	-
θανὼν	θνήσκω	14	v	-	s	a	p	a	m	n	-
πατρῷον	πατρῷος	15	a	-	s	-	-	-	n	a	-
αἱμάξαι	αἱμάσσω	16	v	-	-	a	n	a	-	-	-
πέδον	πέδον	17	n	-	s	-	-	-	n	a	-
,	,	18	u	-	-	-	-	-	-	-	-
αὐτός	αὐτός	19	p	-	s	-	-	-	m	n	-
·	·	20	u	-	-	-	-	-	-	-	-

ξένια	ξένιος	1	a	-	p	-	-	-	n	a	-
δὲ	δέ	2	d	-	-	-	-	-	-	-	-
τοῦδε	ὅδε	3	p	-	s	-	-	-	m	g	-
δύσθεος	δύσθεος	4	a	-	s	-	-	-	m	n	-
πατὴρ	πατήρ	5	n	-	s	-	-	-	m	n	-
Ἀτρεύς	Ἀτρεύς	6	n	-	s	-	-	-	m	n	-
,	,	7	u	-	-	-	-	-	-	-	-
προθύμως	πρόθυμος	8	d	-	-	-	-	-	-	-	-
μᾶλλον	μᾶλλον	9	d	-	-	-	-	-	-	-	c
ἢ	ἤ	10	c	-	-	-	-	-	-	-	-
φίλως	φίλος	11	d	-	-	-	-	-	-	-	-
,	,	12	u	-	-	-	-	-	-	-	-
πατρὶ	πατήρ	13	n	-	s	-	-	-	m	d	-
τὠμῷ	ἐμός	14	p	-	s	-	-	-	m	d	-
,	,	15	u	-	-	-	-	-	-	-	-
κρεουργὸν	κρεουργός	16	a	-	s	-	-	-	n	a	-
ἦμαρ	ἦμαρ	17	n	-	s	-	-	-	n	a	-
εὐθύμως	εὔθυμος	18	d	-	-	-	-	-	-	-	-
ἄγειν	ἄγω	19	v	-	-	p	n	a	-	-	-
δοκῶν	δοκέω	20	v	-	s	p	p	a	m	n	-
,	,	21	u	-	-	-	-	-	-	-	-
παρέσχε	παρέχω	22	v	3	s	a	i	a	-	-	-
δαῖτα	δαίς	23	n	-	s	-	-	-	f	a	-
παιδείων	παίδειος	24	a	-	p	-	-	-	n	g	-
κρεῶν	κρέας	25	n	-	p	-	-	-	n	g	-
.	.	26	u	-	-	-	-	-	-	-	-

ἀνδρακὰς	ἀνδρακάς	1	d	-	-	-	-	-	-	-	-
καθήμενος	κάθημαι	2	v	-	s	r	p	e	m	n	-
.	.	3	u	-	-	-	-	-	-	-	-

ἄσημα	ἄσημος	1	a	-	p	-	-	-	n	a	-
δ'	δέ	2	d	-	-	-	-	-	-	-	-
αὐτῶν	αὐτός	3	p	-	p	-	-	-	n	g	-
αὐτίκ'	αὐτίκα	4	d	-	-	-	-	-	-	-	-
ἀγνοίᾳ	ἄγνοια	5	n	-	s	-	-	-	f	d	-
λαβὼν	λαμβάνω	6	v	-	s	a	p	a	m	n	-
ἔσθει	ἔσθω	7	v	3	s	p	i	a	-	-	-
βορὰν	βορά	8	n	-	s	-	-	-	f	a	-
ἄσωτον	ἄσωτος	9	a	-	s	-	-	-	f	a	-
,	,	10	u	-	-	-	-	-	-	-	-
ὡς	ὡς	11	c	-	-	-	-	-	-	-	-
ὁρᾷς	ὁράω	12	v	2	s	p	i	a	-	-	-
,	,	13	u	-	-	-	-	-	-	-	-
γένει	γένος	14	n	-	s	-	-	-	n	d	-
.	.	15	u	-	-	-	-	-	-	-	-

κ	καί	1	c	-	-	-	-	-	-	-	-
ἄπειτ'	ἔπειτα	2	d	-	-	-	-	-	-	-	-
ἐπιγνοὺς	ἐπιγιγνώσκω	3	v	-	s	a	p	a	m	n	-
ἔργον	ἔργον	4	n	-	s	-	-	-	n	a	-
οὐ	οὐ	5	d	-	-	-	-	-	-	-	-
καταίσιον	καταίσιος	6	a	-	s	-	-	-	n	a	-
ᾤμωξεν	οἰμώζω	7	v	3	s	a	i	a	-	-	-
,	,	8	u	-	-	-	-	-	-	-	-
ἀμπίπτει	ἀναπίπτω	9	v	3	s	p	i	a	-	-	-
δ'	δέ	10	d	-	-	-	-	-	-	-	-
ἀπὸ	ἀπό	11	r	-	-	-	-	-	-	-	-
σφαγὴν	σφαγή	12	n	-	s	-	-	-	f	a	-
ἐρῶν	ἐράω	13	v	-	s	p	p	a	m	n	-
,	,	14	u	-	-	-	-	-	-	-	-
μόρον	μόρος	15	n	-	s	-	-	-	m	a	-
δ'	δέ	16	d	-	-	-	-	-	-	-	-
ἄφερτον	ἄφερτος	17	a	-	s	-	-	-	m	a	-
Πελοπίδαις	Πελοπίδης	18	a	-	p	-	-	-	m	d	-
ἐπεύχεται	ἐπεύχομαι	19	v	3	s	p	i	e	-	-	-
,	,	20	u	-	-	-	-	-	-	-	-
λάκτισμα	λάκτισμα	21	n	-	s	-	-	-	n	a	-
δείπνου	δεῖπνον	22	n	-	s	-	-	-	n	g	-
ξυνδίκως	σύνδικος	23	d	-	-	-	-	-	-	-	-
τιθεὶς	τίθημι	24	v	-	s	p	p	a	m	n	-
ἀρᾷ	ἀρά	25	n	-	s	-	-	-	f	d	-
,	,	26	u	-	-	-	-	-	-	-	-
οὕτως	οὕτως	27	d	-	-	-	-	-	-	-	-
ὀλέσθαι	ὄλλυμι	28	v	-	-	a	n	m	-	-	-
πᾶν	πᾶς	29	p	-	s	-	-	-	n	a	-
τὸ	ὁ	30	l	-	s	-	-	-	n	a	-
Πλεισθένους	Πλεισθένης	31	n	-	s	-	-	-	m	g	-
γένος	γένος	32	n	-	s	-	-	-	n	a	-
.	.	33	u	-	-	-	-	-	-	-	-

ἐκ	ἐκ	1	r	-	-	-	-	-	-	-	-
τῶνδέ	ὅδε	2	p	-	p	-	-	-	n	g	-
σοι	σύ	3	p	-	s	-	-	-	m	d	-
πεσόντα	πίπτω	4	v	-	s	a	p	a	m	a	-
τόνδ'	ὅδε	5	p	-	s	-	-	-	m	a	-
ἰδεῖν	εἶδον	6	v	-	-	a	n	a	-	-	-
πάρα	παρά	7	r	-	-	-	-	-	-	-	-
.	.	8	u	-	-	-	-	-	-	-	-

κ	καί	1	c	-	-	-	-	-	-	-	-
ἀγὼ	ἐγώ	2	p	-	s	-	-	-	m	n	-
δίκαιος	δίκαιος	3	a	-	s	-	-	-	m	n	-
τοῦδε	ὅδε	4	p	-	s	-	-	-	m	g	-
τοῦ	ὁ	5	l	-	s	-	-	-	m	g	-
φόνου	φόνος	6	n	-	s	-	-	-	m	g	-
ῥαφεύς	ῥαφεύς	7	n	-	s	-	-	-	m	n	-
.	.	8	u	-	-	-	-	-	-	-	-

τρίτον	τρίτος	1	a	-	s	-	-	-	m	a	-
γὰρ	γάρ	2	d	-	-	-	-	-	-	-	-
ὄντα	εἰμί	3	v	-	s	p	p	a	m	a	-
μ'	ἐγώ	4	p	-	s	-	-	-	m	a	-
ἐπὶ	ἐπί	5	r	-	-	-	-	-	-	-	-
δυσαθλίῳ	δυσάθλιος	6	a	-	s	-	-	-	m	d	-
πατρὶ	πατήρ	7	n	-	s	-	-	-	m	d	-
συνεξελαύνει	συνεξελαύνω	8	v	3	s	p	i	a	-	-	-
τυτθὸν	τυτθός	9	a	-	s	-	-	-	m	a	-
ὄντ'	εἰμί	10	v	-	s	p	p	a	m	a	-
ἐν	ἐν	11	r	-	-	-	-	-	-	-	-
σπαργάνοις	σπάργανον	12	n	-	p	-	-	-	n	d	-
·	·	13	u	-	-	-	-	-	-	-	-

τραφέντα	τρέφω	1	v	-	s	a	p	p	m	a	-
δ'	δέ	2	d	-	-	-	-	-	-	-	-
αὖθις	αὖθις	3	d	-	-	-	-	-	-	-	-
ἡ	ὁ	4	l	-	s	-	-	-	f	n	-
δίκη	δίκη	5	n	-	s	-	-	-	f	n	-
κατήγαγεν	κατάγω	6	v	3	s	a	i	a	-	-	-
.	.	7	u	-	-	-	-	-	-	-	-

καὶ	καί	1	c	-	-	-	-	-	-	-	-
τοῦδε	ὅδε	2	p	-	s	-	-	-	m	g	-
τἀνδρὸς	ἀνήρ	3	n	-	s	-	-	-	m	g	-
ἡψάμην	ἅπτω	4	v	1	s	a	i	m	-	-	-
θυραῖος	θυραῖος	5	a	-	s	-	-	-	m	n	-
ὤν	εἰμί	6	v	-	s	p	p	a	m	n	-
,	,	7	u	-	-	-	-	-	-	-	-
πᾶσαν	πᾶς	8	p	-	s	-	-	-	f	a	-
συνάψας	συνάπτω	9	v	-	s	a	p	a	m	n	-
μηχανὴν	μηχανή	10	n	-	s	-	-	-	f	a	-
δυσβουλίας	δυσβουλία	11	n	-	s	-	-	-	f	g	-
.	.	12	u	-	-	-	-	-	-	-	-

οὕτω	οὕτως	1	d	-	-	-	-	-	-	-	-
καλὸν	καλός	2	a	-	s	-	-	-	n	n	-
δὴ	δή	3	d	-	-	-	-	-	-	-	-
καὶ	καί	4	c	-	-	-	-	-	-	-	-
τὸ	ὁ	5	l	-	s	-	-	-	n	n	-
κατθανεῖν	καταθνήσκω	6	v	-	-	a	n	a	-	-	-
ἐμοί	ἐμός	7	p	-	p	-	-	-	m	n	-
,	,	8	u	-	-	-	-	-	-	-	-
ἰδόντα	εἶδον	9	v	-	s	a	p	a	m	a	-
τοῦτον	οὗτος	10	p	-	s	-	-	-	m	a	-
τῆς	ὁ	11	l	-	s	-	-	-	f	g	-
δίκης	δίκη	12	n	-	s	-	-	-	f	g	-
ἐν	ἐν	13	r	-	-	-	-	-	-	-	-
ἕρκεσιν	ἕρκος	14	n	-	p	-	-	-	n	d	-
.	.	15	u	-	-	-	-	-	-	-	-

Αἴγισθ'	Αἴγισθος	1	n	-	s	-	-	-	m	v	-
,	,	2	u	-	-	-	-	-	-	-	-
ὑβρίζειν	ὑβρίζω	3	v	-	-	p	n	a	-	-	-
ἐν	ἐν	4	r	-	-	-	-	-	-	-	-
κακοῖσιν	κακός	5	a	-	p	-	-	-	n	d	-
οὐ	οὐ	6	d	-	-	-	-	-	-	-	-
σέβω	σέβω	7	v	1	s	p	i	a	-	-	-
.	.	8	u	-	-	-	-	-	-	-	-

σὺ	σύ	1	p	-	s	-	-	-	m	n	-
δ'	δέ	2	d	-	-	-	-	-	-	-	-
ἄνδρα	ἀνήρ	3	n	-	s	-	-	-	m	a	-
τόνδε	ὅδε	4	p	-	s	-	-	-	m	a	-
φὴς	φημί	5	v	2	s	p	i	a	-	-	-
ἑκὼν	ἑκών	6	a	-	s	-	-	-	m	n	-
κατακτανεῖν	κατακτείνω	7	v	-	-	a	n	a	-	-	-
,	,	8	u	-	-	-	-	-	-	-	-
μόνος	μόνος	9	a	-	s	-	-	-	m	n	-
δ'	δέ	10	d	-	-	-	-	-	-	-	-
ἔποικτον	ἔποικτος	11	a	-	s	-	-	-	m	a	-
τόνδε	ὅδε	12	p	-	s	-	-	-	m	a	-
βουλεῦσαι	βουλεύω	13	v	-	-	a	n	a	-	-	-
φόνον	φόνος	14	n	-	s	-	-	-	m	a	-
·	·	15	u	-	-	-	-	-	-	-	-

οὔ	οὐ	1	d	-	-	-	-	-	-	-	-
φημ'	φημί	2	v	1	s	p	i	a	-	-	-
ἀλύξειν	ἀλύσκω	3	v	-	-	f	n	a	-	-	-
ἐν	ἐν	4	r	-	-	-	-	-	-	-	-
δίκῃ	δίκη	5	n	-	s	-	-	-	f	d	-
τὸ	ὁ	6	l	-	s	-	-	-	n	a	-
σὸν	σός	7	p	-	s	-	-	-	n	a	-
κάρα	κάρα	8	n	-	s	-	-	-	n	a	-
δημορριφεῖς	δημορριφής	9	a	-	p	-	-	-	f	a	-
,	,	10	u	-	-	-	-	-	-	-	-
σάφ'	σάφα	11	d	-	-	-	-	-	-	-	-
ἴσθι	οἶδα	12	v	2	s	r	m	a	-	-	-
,	,	13	u	-	-	-	-	-	-	-	-
λευσίμους	λεύσιμος	14	a	-	p	-	-	-	f	a	-
ἀράς	ἀρά	15	n	-	p	-	-	-	f	a	-
.	.	16	u	-	-	-	-	-	-	-	-

σὺ	σύ	1	p	-	s	-	-	-	m	n	-
ταῦτα	οὗτος	2	p	-	p	-	-	-	n	a	-
φωνεῖς	φωνέω	3	v	2	s	p	i	a	-	-	-
νερτέρᾳ	νέρτερος	4	a	-	s	-	-	-	f	d	-
προσήμενος	πρόσημαι	5	v	-	s	p	p	a	m	n	-
κώπῃ	κώπη	6	n	-	s	-	-	-	f	d	-
,	,	7	u	-	-	-	-	-	-	-	-
κρατούντων	κρατέω	8	v	-	p	p	p	a	m	g	-
τῶν	ὁ	9	l	-	p	-	-	-	m	g	-
ἐπὶ	ἐπί	10	r	-	-	-	-	-	-	-	-
ζυγῷ	ζυγόν	11	n	-	s	-	-	-	n	d	-
δορός	δόρυ	12	n	-	s	-	-	-	n	g	-
;	;	13	u	-	-	-	-	-	-	-	-

γνώσῃ	γιγνώσκω	1	v	2	s	f	i	m	-	-	-
γέρων	γέρων	2	n	-	s	-	-	-	m	n	-
ὢν	εἰμί	3	v	-	s	p	p	a	m	n	-
ὡς	ὡς	4	d	-	-	-	-	-	-	-	-
διδάσκεσθαι	διδάσκω	5	v	-	-	p	n	e	-	-	-
βαρὺ	βαρύς	6	a	-	s	-	-	-	n	a	-
τῷ	ὁ	7	l	-	s	-	-	-	m	d	-
τηλικούτῳ	τηλικοῦτος	8	p	-	s	-	-	-	m	d	-
,	,	9	u	-	-	-	-	-	-	-	-
σωφρονεῖν	σωφρονέω	10	v	-	-	p	n	a	-	-	-
εἰρημένον	ἐρῶ	11	v	-	s	r	p	e	m	a	-
.	.	12	u	-	-	-	-	-	-	-	-

δεσμὸς	δεσμός	1	n	-	s	-	-	-	m	n	-
δὲ	δέ	2	d	-	-	-	-	-	-	-	-
καὶ	καί	3	c	-	-	-	-	-	-	-	-
τὸ	ὁ	4	l	-	s	-	-	-	n	a	-
γῆρας	γῆρας	5	n	-	s	-	-	-	n	a	-
αἵ	ὁ	6	l	-	p	-	-	-	f	n	-
τε	τε	7	c	-	-	-	-	-	-	-	-
νήστιδες	νῆστις	8	n	-	p	-	-	-	f	n	-
δύαι	δύη	9	n	-	p	-	-	-	f	n	-
διδάσκειν	διδάσκω	10	v	-	-	p	n	a	-	-	-
ἐξοχώταται	ἔξοχος	11	a	-	p	-	-	-	f	n	s
φρενῶν	φρήν	12	n	-	p	-	-	-	f	g	-
ἰατρομάντεις	ἰατρόμαντις	13	n	-	p	-	-	-	f	n	-
.	.	14	u	-	-	-	-	-	-	-	-

οὐχ	οὐ	1	d	-	-	-	-	-	-	-	-
ὁρᾷς	ὁράω	2	v	2	s	p	i	a	-	-	-
ὁρῶν	ὁράω	3	v	-	s	p	p	a	m	n	-
τάδε	ὅδε	4	p	-	p	-	-	-	n	a	-
;	;	5	u	-	-	-	-	-	-	-	-

πρὸς	πρός	1	r	-	-	-	-	-	-	-	-
κέντρα	κέντρον	2	n	-	p	-	-	-	n	a	-
μὴ	μή	3	c	-	-	-	-	-	-	-	-
λάκτιζε	λακτίζω	4	v	2	s	p	m	a	-	-	-
,	,	5	u	-	-	-	-	-	-	-	-
μὴ	μή	6	c	-	-	-	-	-	-	-	-
παίσας	παίω	7	v	-	s	a	p	a	m	n	-
μογῇς	μογέω	8	v	2	s	p	s	a	-	-	-
.	.	9	u	-	-	-	-	-	-	-	-

γύναι	γυνή	1	n	-	s	-	-	-	f	v	-
,	,	2	u	-	-	-	-	-	-	-	-
σὺ	σύ	3	p	-	s	-	-	-	m	n	-
τοὺς	ὁ	4	l	-	p	-	-	-	m	a	-
ἥκοντας	ἥκω	5	v	-	p	p	p	a	m	a	-
ἐκ	ἐκ	6	r	-	-	-	-	-	-	-	-
μάχης	μάχη	7	n	-	s	-	-	-	f	g	-
μένων	μένω	8	v	-	s	p	p	a	m	n	-
οἰκουρὸς	οἰκουρός	9	a	-	s	-	-	-	m	n	-
εὐνὴν	εὐνή	10	n	-	s	-	-	-	f	a	-
ἀνδρὸς	ἀνήρ	11	n	-	s	-	-	-	m	g	-
αἰσχύνων	αἰσχύνω	12	v	-	s	p	p	a	m	n	-
ἅμα	ἅμα	13	d	-	-	-	-	-	-	-	-
ἀνδρὶ	ἀνήρ	14	n	-	s	-	-	-	m	d	-
στρατηγῷ	στρατηγός	15	n	-	s	-	-	-	m	d	-
τόνδ'	ὅδε	16	p	-	s	-	-	-	m	a	-
ἐβούλευσας	βουλεύω	17	v	2	s	a	i	a	-	-	-
μόρον	μόρος	18	n	-	s	-	-	-	m	a	-
;	;	19	u	-	-	-	-	-	-	-	-

καὶ	καί	1	c	-	-	-	-	-	-	-	-
ταῦτα	οὗτος	2	p	-	p	-	-	-	n	n	-
τἄπη	ἔπος	3	n	-	p	-	-	-	n	n	-
κλαυμάτων	κλαῦμα	4	n	-	p	-	-	-	n	g	-
ἀρχηγενῆ	ἀρχηγενής	5	a	-	p	-	-	-	n	n	-
.	.	6	u	-	-	-	-	-	-	-	-

Ὀρφεῖ	Ὀρφεύς	1	n	-	s	-	-	-	m	d	-
δὲ	δέ	2	d	-	-	-	-	-	-	-	-
γλῶσσαν	γλῶσσα	3	n	-	s	-	-	-	f	a	-
τὴν	ὁ	4	l	-	s	-	-	-	f	a	-
ἐναντίαν	ἐναντίος	5	a	-	s	-	-	-	f	a	-
ἔχεις	ἔχω	6	v	2	s	p	i	a	-	-	-
.	.	7	u	-	-	-	-	-	-	-	-

ὁ	ὁ	1	p	-	s	-	-	-	m	n	-
μὲν	μέν	2	d	-	-	-	-	-	-	-	-
γὰρ	γάρ	3	d	-	-	-	-	-	-	-	-
ἦγε	ἄγω	4	v	3	s	i	i	a	-	-	-
πάντ'	πᾶς	5	p	-	p	-	-	-	n	a	-
ἀπὸ	ἀπό	6	r	-	-	-	-	-	-	-	-
φθογγῆς	φθογγή	7	n	-	s	-	-	-	f	g	-
χαρᾷ	χαρά	8	n	-	s	-	-	-	f	d	-
,	,	9	u	-	-	-	-	-	-	-	-
σὺ	σύ	10	p	-	s	-	-	-	m	n	-
δ'	δέ	11	d	-	-	-	-	-	-	-	-
ἐξορίνας	ἐξορίνω	12	v	-	s	a	p	a	m	n	-
νηπίοις	νήπιος	13	a	-	p	-	-	-	n	d	-
ὑλάγμασιν	ὕλαγμα	14	n	-	p	-	-	-	n	d	-
ἄξῃ	ἄγω	15	v	2	s	f	i	m	-	-	-
·	·	16	u	-	-	-	-	-	-	-	-

κρατηθεὶς	κρατέω	1	v	-	s	a	p	p	m	n	-
δ'	δέ	2	d	-	-	-	-	-	-	-	-
ἡμερώτερος	ἥμερος	3	a	-	s	-	-	-	m	n	c
φανῇ	φαίνω	4	v	2	s	f	i	m	-	-	-
.	.	5	u	-	-	-	-	-	-	-	-

ὡς	ὡς	1	c	-	-	-	-	-	-	-	-
δὴ	δή	2	d	-	-	-	-	-	-	-	-
σύ	σύ	3	p	-	s	-	-	-	m	n	-
μοι	ἐγώ	4	p	-	s	-	-	-	m	d	-
τύραννος	τύραννος	5	n	-	s	-	-	-	m	n	-
Ἀργείων	Ἀργεῖος	6	a	-	p	-	-	-	m	g	-
ἔσῃ	εἰμί	7	v	2	s	f	i	-	-	-	-
,	,	8	u	-	-	-	-	-	-	-	-
ὃς	ὅς	9	p	-	s	-	-	-	m	n	-
οὐκ	οὐ	10	d	-	-	-	-	-	-	-	-
,	,	11	u	-	-	-	-	-	-	-	-
ἐπειδὴ	ἐπεί	12	c	-	-	-	-	-	-	-	-
τῷδ'	ὅδε	13	p	-	s	-	-	-	m	d	-
ἐβούλευσας	βουλεύω	14	v	2	s	a	i	a	-	-	-
μόρον	μόρος	15	n	-	s	-	-	-	m	a	-
,	,	16	u	-	-	-	-	-	-	-	-
δρᾶσαι	δράω	17	v	2	s	p	i	e	-	-	-
τόδ'	ὅδε	18	p	-	s	-	-	-	n	a	-
ἔργον	ἔργον	19	n	-	s	-	-	-	n	a	-
οὐκ	οὐ	20	d	-	-	-	-	-	-	-	-
ἔτλης	τλάω	21	v	2	s	a	i	a	-	-	-
αὐτοκτόνως	αὐτοκτόνος	22	d	-	-	-	-	-	-	-	-
.	.	23	u	-	-	-	-	-	-	-	-

τὸ	ὁ	1	l	-	s	-	-	-	n	n	-
γὰρ	γάρ	2	d	-	-	-	-	-	-	-	-
δολῶσαι	δολόω	3	v	-	-	a	n	a	-	-	-
πρὸς	πρός	4	r	-	-	-	-	-	-	-	-
γυναικὸς	γυνή	5	n	-	s	-	-	-	f	g	-
ἦν	εἰμί	6	v	3	s	i	i	a	-	-	-
σαφῶς	σαφής	7	d	-	-	-	-	-	-	-	-
·	·	8	u	-	-	-	-	-	-	-	-

ἐγὼ	ἐγώ	1	p	-	s	-	-	-	m	n	-
δ'	δέ	2	d	-	-	-	-	-	-	-	-
ὕποπτος	ὕποπτος	3	a	-	s	-	-	-	m	n	-
ἐχθρὸς	ἐχθρός	4	a	-	s	-	-	-	m	n	-
ἦ	εἰμί	5	v	1	s	i	i	a	-	-	-
παλαιγενής	παλαιγενής	6	a	-	s	-	-	-	m	n	-
.	.	7	u	-	-	-	-	-	-	-	-

ἐκ	ἐκ	1	r	-	-	-	-	-	-	-	-
τῶν	ὁ	2	l	-	p	-	-	-	n	g	-
δὲ	δέ	3	d	-	-	-	-	-	-	-	-
τοῦδε	ὅδε	4	p	-	s	-	-	-	m	g	-
χρημάτων	χρῆμα	5	n	-	p	-	-	-	n	g	-
πειράσομαι	πειράω	6	v	1	s	f	i	m	-	-	-
ἄρχειν	ἄρχω	7	v	-	-	p	n	a	-	-	-
πολιτῶν	πολίτης	8	n	-	p	-	-	-	m	g	-
·	·	9	u	-	-	-	-	-	-	-	-

τὸν	ὁ	1	l	-	s	-	-	-	m	a	-
δὲ	δέ	2	d	-	-	-	-	-	-	-	-
μὴ	μή	3	c	-	-	-	-	-	-	-	-
πειθάνορα	πειθάνωρ	4	n	-	s	-	-	-	m	a	-
ζεύξω	ζεύγνυμι	5	v	1	s	f	i	a	-	-	-
βαρείαις	βαρύς	6	a	-	p	-	-	-	f	d	-
οὔτι	οὔτι	7	d	-	-	-	-	-	-	-	-
μοι	ἐγώ	8	p	-	s	-	-	-	m	d	-
σειραφόρον	σειραφόρος	9	a	-	s	-	-	-	m	a	-
κριθῶντα	κριθάω	10	v	-	s	p	p	a	m	a	-
πῶλον	πῶλος	11	n	-	s	-	-	-	m	a	-
·	·	12	u	-	-	-	-	-	-	-	-

ἀλλ'	ἀλλά	1	d	-	-	-	-	-	-	-	-
ὁ	ὁ	2	l	-	s	-	-	-	m	n	-
δυσφιλὴς	δυσφιλής	3	a	-	s	-	-	-	m	n	-
σκότῳ	σκότος	4	n	-	s	-	-	-	m	d	-
λιμὸς	λιμός	5	n	-	s	-	-	-	m	n	-
ξύνοικος	σύνοικος	6	a	-	s	-	-	-	m	n	-
μαλθακόν	μαλθακός	7	a	-	s	-	-	-	m	a	-
σφ'	σφεῖς	8	p	-	p	-	-	-	m	a	-
ἐπόψεται	ἐφοράω	9	v	3	s	f	i	m	-	-	-
.	.	10	u	-	-	-	-	-	-	-	-

τί	τίς	1	p	-	s	-	-	-	n	a	-
δὴ	δή	2	d	-	-	-	-	-	-	-	-
τὸν	ὁ	3	l	-	s	-	-	-	m	a	-
ἄνδρα	ἀνήρ	4	n	-	s	-	-	-	m	a	-
τόνδ'	ὅδε	5	p	-	s	-	-	-	m	a	-
ἀπὸ	ἀπό	6	r	-	-	-	-	-	-	-	-
ψυχῆς	ψυχή	7	n	-	s	-	-	-	f	g	-
κακῆς	κακός	8	a	-	s	-	-	-	f	g	-
οὐκ	οὐ	9	d	-	-	-	-	-	-	-	-
αὐτὸς	αὐτός	10	p	-	s	-	-	-	m	n	-
ἠνάριζες	ἐναρίζω	11	v	2	s	i	i	a	-	-	-
,	,	12	u	-	-	-	-	-	-	-	-
ἀλλά	ἀλλά	13	d	-	-	-	-	-	-	-	-
νιν	νιν	14	p	-	s	-	-	-	m	a	-
γυνὴ	γυνή	15	n	-	s	-	-	-	f	n	-
χώρας	χώρα	16	n	-	s	-	-	-	f	g	-
μίασμα	μίασμα	17	n	-	s	-	-	-	n	n	-
καὶ	καί	18	c	-	-	-	-	-	-	-	-
θεῶν	θεός	19	n	-	p	-	-	-	m	g	-
ἐγχωρίων	ἐγχώριος	20	a	-	p	-	-	-	m	g	-
ἔκτειν'	κτείνω	21	v	3	s	i	i	a	-	-	-
;	;	22	u	-	-	-	-	-	-	-	-

Ὀρέστης	Ὀρέστης	1	n	-	s	-	-	-	m	n	-
ἆρά	ἆρα	2	d	-	-	-	-	-	-	-	-
που	πού	3	d	-	-	-	-	-	-	-	-
βλέπει	βλέπω	4	v	3	s	p	i	a	-	-	-
φάος	φάος	5	n	-	s	-	-	-	n	a	-
,	,	6	u	-	-	-	-	-	-	-	-
ὅπως	ὅπως	7	c	-	-	-	-	-	-	-	-
κατελθὼν	κατέρχομαι	8	v	-	s	a	p	a	m	n	-
δεῦρο	δεῦρο	9	d	-	-	-	-	-	-	-	-
πρευμενεῖ	πρευμενής	10	a	-	s	-	-	-	f	d	-
τύχῃ	τύχη	11	n	-	s	-	-	-	f	d	-
ἀμφοῖν	ἄμφω	12	a	-	d	-	-	-	m	g	-
γένηται	γίγνομαι	13	v	3	s	a	s	-	-	-	-
τοῖνδε	ὅδε	14	p	-	d	-	-	-	m	g	-
παγκρατὴς	παγκρατής	15	a	-	s	-	-	-	m	n	-
φονεύς	φονεύς	16	n	-	s	-	-	-	m	n	-
;	;	17	u	-	-	-	-	-	-	-	-

ἀλλ'	ἀλλά	1	d	-	-	-	-	-	-	-	-
ἐπεὶ	ἐπεί	2	c	-	-	-	-	-	-	-	-
δοκεῖς	δοκέω	3	v	2	s	p	i	a	-	-	-
τάδ'	ὅδε	4	p	-	p	-	-	-	n	a	-
ἔρδειν	ἔρδω	5	v	-	-	p	n	a	-	-	-
καὶ	καί	6	c	-	-	-	-	-	-	-	-
λέγειν	λέγω	7	v	-	-	p	n	a	-	-	-
,	,	8	u	-	-	-	-	-	-	-	-
γνώσῃ	γιγνώσκω	9	v	2	s	f	i	m	-	-	-
τάχα	τάχα	10	d	-	-	-	-	-	-	-	-

εἶα	εἶα	1	i	-	-	-	-	-	-	-	-
δή	δή	2	d	-	-	-	-	-	-	-	-
,	,	3	u	-	-	-	-	-	-	-	-
φίλοι	φίλος	4	a	-	p	-	-	-	m	v	-
λοχῖται	λοχίτης	5	n	-	p	-	-	-	m	v	-
,	,	6	u	-	-	-	-	-	-	-	-
τοὔργον	ἔργον	7	n	-	s	-	-	-	n	n	-
οὐχ	οὐ	8	d	-	-	-	-	-	-	-	-
ἑκὰς	ἑκάς	9	d	-	-	-	-	-	-	-	-
τόδε	ὅδε	10	p	-	s	-	-	-	n	n	-
.	.	11	u	-	-	-	-	-	-	-	-

εἶα	εἶα	1	i	-	-	-	-	-	-	-	-
δή	δή	2	d	-	-	-	-	-	-	-	-
,	,	3	u	-	-	-	-	-	-	-	-
ξίφος	ξίφος	4	n	-	s	-	-	-	n	a	-
πρόκωπον	πρόκωπος	5	a	-	s	-	-	-	m	a	-
πᾶς	πᾶς	6	p	-	s	-	-	-	m	n	-
τις	τις	7	p	-	s	-	-	-	m	n	-
εὐτρεπιζέτω	εὐτρεπίζω	8	v	3	s	p	m	a	-	-	-
.	.	9	u	-	-	-	-	-	-	-	-

ἀλλὰ	ἀλλά	1	d	-	-	-	-	-	-	-	-
κ	καί	2	c	-	-	-	-	-	-	-	-
ἀγὼ	ἐγώ	3	p	-	s	-	-	-	m	n	-
μὴν	μήν	4	d	-	-	-	-	-	-	-	-
πρόκωπος	πρόκωπος	5	a	-	s	-	-	-	m	n	-
οὐκ	οὐ	6	d	-	-	-	-	-	-	-	-
ἀναίνομαι	ἀναίνομαι	7	v	1	s	p	i	e	-	-	-
θανεῖν	θνήσκω	8	v	-	-	a	n	a	-	-	-
.	.	9	u	-	-	-	-	-	-	-	-

δεχομένοις	δέχομαι	1	v	-	p	p	p	e	m	d	-
λέγεις	λέγω	2	v	2	s	p	i	a	-	-	-
θανεῖν	θνήσκω	3	v	-	-	a	n	a	-	-	-
σε	σύ	4	p	-	s	-	-	-	m	a	-
·	·	5	u	-	-	-	-	-	-	-	-

τὴν	ὁ	1	l	-	s	-	-	-	f	a	-
τύχην	τύχη	2	n	-	s	-	-	-	f	a	-
δ'	δέ	3	d	-	-	-	-	-	-	-	-
αἱρούμεθα	αἱρέω	4	v	1	p	p	i	e	-	-	-
.	.	5	u	-	-	-	-	-	-	-	-

μηδαμῶς	μηδαμῶς	1	d	-	-	-	-	-	-	-	-
,	,	2	u	-	-	-	-	-	-	-	-
ὦ	ὦ	3	i	-	-	-	-	-	-	-	-
φίλτατ'	φίλος	4	a	-	s	-	-	-	m	v	s
ἀνδρῶν	ἀνήρ	5	n	-	p	-	-	-	m	g	-
,	,	6	u	-	-	-	-	-	-	-	-
ἄλλα	ἄλλος	7	p	-	p	-	-	-	n	a	-
δράσωμεν	δράω	8	v	1	p	a	s	a	-	-	-
κακά	κακός	9	a	-	p	-	-	-	n	a	-
.	.	10	u	-	-	-	-	-	-	-	-

ἀλλὰ	ἀλλά	1	d	-	-	-	-	-	-	-	-
καὶ	καί	2	c	-	-	-	-	-	-	-	-
τάδ'	ὅδε	3	p	-	p	-	-	-	n	n	-
ἐξαμῆσαι	ἐξαμάω	4	v	-	-	a	n	a	-	-	-
πολλά	πολύς	5	a	-	p	-	-	-	n	a	-
,	,	6	u	-	-	-	-	-	-	-	-
δύστηνον	δύστηνος	7	a	-	s	-	-	-	n	n	-
θέρος	θέρος	8	n	-	s	-	-	-	n	n	-
.	.	9	u	-	-	-	-	-	-	-	-

πημονῆς	πημονή	1	n	-	s	-	-	-	f	g	-
δ'	δέ	2	d	-	-	-	-	-	-	-	-
ἅλις	ἅλις	3	d	-	-	-	-	-	-	-	-
γ'	γε	4	d	-	-	-	-	-	-	-	-
ὑπάρχει	ὑπάρχω	5	v	3	s	p	i	a	-	-	-
·	·	6	u	-	-	-	-	-	-	-	-

μηδὲν	μηδείς	1	p	-	s	-	-	-	n	a	-
αἱματώμεθα	αἱματόω	2	v	1	p	p	s	e	-	-	-
.	.	3	u	-	-	-	-	-	-	-	-

στείχετ'	στείχω	1	v	2	p	p	m	a	-	-	-
αἰδοῖοι	αἰδοῖος	2	a	-	p	-	-	-	m	v	-
γέροντες	γέρων	3	n	-	p	-	-	-	m	v	-
πρὸς	πρός	4	r	-	-	-	-	-	-	-	-
δόμους	δόμος	5	n	-	p	-	-	-	m	a	-
,	,	6	u	-	-	-	-	-	-	-	-
πεπρωμένοις	πόρω	7	v	-	p	r	p	e	n	d	-
[τούσδε]	[τούσδε]	8	p	-	p	-	-	-	m	a	-
πρὶν	πρίν	9	c	-	-	-	-	-	-	-	-
παθεῖν	πάσχω	10	v	-	-	a	n	a	-	-	-
εἴξαντες	εἴκω	11	v	-	p	a	p	a	m	n	-
ὥρᾳ	ὥρα	12	n	-	s	-	-	-	f	d	-
·	·	13	u	-	-	-	-	-	-	-	-

χρῆν	χρή	1	v	3	s	i	i	a	-	-	-
τάδ'	ὅδε	2	p	-	p	-	-	-	n	a	-
ὡς	ὡς	3	c	-	-	-	-	-	-	-	-
ἐπράξαμεν	πράσσω	4	v	1	p	a	i	a	-	-	-
.	.	5	u	-	-	-	-	-	-	-	-

εἰ	εἰ	1	c	-	-	-	-	-	-	-	-
δέ	δέ	2	d	-	-	-	-	-	-	-	-
τοι	τοι	3	d	-	-	-	-	-	-	-	-
μόχθων	μόχθος	4	n	-	p	-	-	-	m	g	-
γένοιτο	γίγνομαι	5	v	3	s	a	o	-	-	-	-
τῶνδ'	ὅδε	6	p	-	p	-	-	-	m	g	-
ἅλις	ἅλις	7	d	-	-	-	-	-	-	-	-
,	,	8	u	-	-	-	-	-	-	-	-
δεχοίμεθ'	δέχομαι	9	v	1	p	p	o	e	-	-	-
ἄν	ἄν1	10	d	-	-	-	-	-	-	-	-
,	,	11	u	-	-	-	-	-	-	-	-
δαίμονος	δαίμων	12	n	-	s	-	-	-	m	g	-
χηλῇ	χηλή	13	n	-	s	-	-	-	f	d	-
βαρείᾳ	βαρύς	14	a	-	s	-	-	-	f	d	-
δυστυχῶς	δυστυχής	15	d	-	-	-	-	-	-	-	-
πεπληγμένοι	πλήσσω	16	v	-	p	r	p	e	m	n	-
.	.	17	u	-	-	-	-	-	-	-	-

ὧδ'	ὧδε	1	d	-	-	-	-	-	-	-	-
ἔχει	ἔχω	2	v	3	s	p	i	a	-	-	-
λόγος	λόγος	3	n	-	s	-	-	-	m	n	-
γυναικός	γυνή	4	n	-	s	-	-	-	f	g	-
,	,	5	u	-	-	-	-	-	-	-	-
εἴ	εἰ	6	c	-	-	-	-	-	-	-	-
τις	τις	7	p	-	s	-	-	-	m	n	-
ἀξιοῖ	ἀξιόω	8	v	3	s	p	i	a	-	-	-
μαθεῖν	μανθάνω	9	v	-	-	a	n	a	-	-	-
.	.	10	u	-	-	-	-	-	-	-	-

ἀλλὰ	ἀλλά	1	d	-	-	-	-	-	-	-	-
τούσδ'	ὅδε	2	p	-	p	-	-	-	m	a	-
ἐμοὶ	ἐγώ	3	p	-	s	-	-	-	m	d	-
ματαίαν	μάταιος	4	a	-	s	-	-	-	f	a	-
γλῶσσαν	γλῶσσα	5	n	-	s	-	-	-	f	a	-
ὧδ'	ὧδε	6	d	-	-	-	-	-	-	-	-
ἀπανθίσαι	ἀπανθίζω	7	v	-	-	a	n	a	-	-	-
κ	καί	8	c	-	-	-	-	-	-	-	-
ἀκβαλεῖν	ἐκβάλλω	9	v	-	-	f	n	a	-	-	-
ἔπη	ἔπος	10	n	-	p	-	-	-	n	a	-
τοιαῦτα	τοιοῦτος	11	p	-	p	-	-	-	n	a	-
δαίμονος	δαίμων	12	n	-	s	-	-	-	m	g	-
πειρωμένους	πειράω	13	v	-	p	p	p	e	m	a	-
,	,	14	u	-	-	-	-	-	-	-	-
σώφρονος	σώφρων	15	a	-	s	-	-	-	-	g	-
γνώμης	γνώμη	16	n	-	s	-	-	-	f	g	-
θ'	τε	17	c	-	-	-	-	-	-	-	-
ἁμαρτεῖν	ἁμαρτάνω	18	v	-	-	a	n	a	-	-	-
τὸν	ὁ	19	l	-	s	-	-	-	m	a	-
κρατοῦντά	κρατέω	20	v	-	s	p	p	a	m	a	-
θ'	τε	21	c	-	-	-	-	-	-	-	-
ὑβρίσαι	ὑβρίζω	22	v	-	-	a	n	a	-	-	-
.	.	23	u	-	-	-	-	-	-	-	-

οὐκ	οὐ	1	d	-	-	-	-	-	-	-	-
ἂν	ἄν1	2	d	-	-	-	-	-	-	-	-
Ἀργείων	Ἀργεῖος	3	a	-	p	-	-	-	m	g	-
τόδ'	ὅδε	4	p	-	s	-	-	-	n	n	-
εἴη	εἰμί	5	v	3	s	p	o	a	-	-	-
,	,	6	u	-	-	-	-	-	-	-	-
φῶτα	φώς	7	n	-	s	-	-	-	m	a	-
προσσαίνειν	προσσαίνω	8	v	-	-	p	n	a	-	-	-
κακόν	κακός	9	a	-	s	-	-	-	m	a	-
.	.	10	u	-	-	-	-	-	-	-	-

ἀλλ'	ἀλλά	1	d	-	-	-	-	-	-	-	-
ἐγώ	ἐγώ	2	p	-	s	-	-	-	m	n	-
σ'	σύ	3	p	-	s	-	-	-	m	a	-
ἐν	ἐν	4	r	-	-	-	-	-	-	-	-
ὑστέραισιν	ὑστέρα	5	n	-	p	-	-	-	f	d	-
ἡμέραις	ἡμέρα	6	n	-	p	-	-	-	f	d	-
μέτειμ'	μέτειμι	7	v	1	s	p	i	a	-	-	-
ἔτι	ἔτι	8	d	-	-	-	-	-	-	-	-
.	.	9	u	-	-	-	-	-	-	-	-

οὔκ	οὐ	1	d	-	-	-	-	-	-	-	-
,	,	2	u	-	-	-	-	-	-	-	-
ἐὰν	ἐάν	3	c	-	-	-	-	-	-	-	-
δαίμων	δαίμων	4	n	-	s	-	-	-	m	n	-
Ὀρέστην	ὀρέστης	5	n	-	s	-	-	-	m	a	-
δεῦρ'	δεῦρο	6	d	-	-	-	-	-	-	-	-
ἀπευθύνῃ	ἀπευθύνω	7	v	3	s	p	s	a	-	-	-
μολεῖν	βλώσκω	8	v	-	-	a	n	a	-	-	-
.	.	9	u	-	-	-	-	-	-	-	-

οἶδ'	οἶδα	1	v	1	s	r	i	a	-	-	-
ἐγὼ	ἐγώ	2	p	-	s	-	-	-	m	n	-
φεύγοντας	φεύγω	3	v	-	p	p	p	a	m	a	-
ἄνδρας	ἀνήρ	4	n	-	p	-	-	-	m	a	-
ἐλπίδας	ἐλπίς	5	n	-	p	-	-	-	f	a	-
σιτουμένους	σιτέομαι	6	v	-	p	p	p	e	m	a	-
.	.	7	u	-	-	-	-	-	-	-	-

πρᾶσσε	πράσσω	1	v	2	s	p	m	a	-	-	-
,	,	2	u	-	-	-	-	-	-	-	-
πιαίνου	πιαίνω	3	v	2	s	p	m	e	-	-	-
,	,	4	u	-	-	-	-	-	-	-	-
μιαίνων	μιαίνω	5	v	-	s	p	p	a	m	n	-
τὴν	ὁ	6	l	-	s	-	-	-	f	a	-
δίκην	δίκη	7	n	-	s	-	-	-	f	a	-
,	,	8	u	-	-	-	-	-	-	-	-
ἐπεὶ	ἐπεί	9	c	-	-	-	-	-	-	-	-
πάρα	παρά	10	r	-	-	-	-	-	-	-	-
.	.	11	u	-	-	-	-	-	-	-	-

ἴσθι	οἶδα	1	v	2	s	r	m	a	-	-	-
μοι	ἐγώ	2	p	-	s	-	-	-	m	d	-
δώσων	δίδωμι	3	v	-	s	f	p	a	m	n	-
ἄποινα	ἄποινος	4	a	-	p	-	-	-	n	a	-
τῆσδε	ὅδε	5	p	-	s	-	-	-	f	g	-
μωρίας	μωρία	6	n	-	s	-	-	-	f	g	-
χάριν	χάρις	7	n	-	s	-	-	-	f	a	-
.	.	8	u	-	-	-	-	-	-	-	-

κόμπασον	κομπάζω	1	v	2	s	a	m	a	-	-	-
θαρσῶν	θαρσέω	2	v	-	s	p	p	a	m	n	-
,	,	3	u	-	-	-	-	-	-	-	-
ἀλέκτωρ	ἀλέκτωρ	4	n	-	s	-	-	-	m	n	-
ὥστε	ὥστε	5	c	-	-	-	-	-	-	-	-
θηλείας	θῆλυς	6	a	-	s	-	-	-	f	g	-
πέλας	πέλας	7	r	-	-	-	-	-	-	-	-
.	.	8	u	-	-	-	-	-	-	-	-

μὴ	μή	1	d	-	-	-	-	-	-	-	-
προτιμήσῃς	προτιμάω	2	v	2	s	a	s	a	-	-	-
ματαίων	μάταιος	3	a	-	p	-	-	-	n	g	-
τῶνδ'	ὅδε	4	p	-	p	-	-	-	n	g	-
ὑλαγμάτων	ὕλαγμα	5	n	-	p	-	-	-	n	g	-
·	·	6	u	-	-	-	-	-	-	-	-

ἐγὼ	ἐγώ	1	p	-	s	-	-	-	f	n	-
καὶ	καί	2	c	-	-	-	-	-	-	-	-
σὺ	σύ	3	p	-	s	-	-	-	m	n	-
θήσομεν	τίθημι	4	v	1	p	f	i	a	-	-	-
κρατοῦντε	κρατέω	5	v	-	d	p	p	a	m	n	-
τῶνδε	ὅδε	6	p	-	p	-	-	-	n	g	-
δωμάτων	δῶμα	7	n	-	p	-	-	-	n	g	-
καλῶς	καλός	8	d	-	-	-	-	-	-	-	-
.	.	9	u	-	-	-	-	-	-	-	-

